c1225 check: blocks 1728 (land differs in 0); dryness r 0.9990, mean 0.613 vs 0.614, largest gap 0.098; coolest quarter r 0.9999, mean 9.90 vs 9.91 C; predicted density r 0.9982; dense blocks agree 0.9978
  climate (e061) at 0.025: 5 regions, effective 3.66, sizes 343 334 193 63 63
  climate (e061) at 0.03: 8 regions, effective 5.034, sizes 320 168 134 67 56 53 51 30
  climate (e061) at 0.035: 8 regions, effective 4.7, sizes 300 141 108 54 49 47 26 23
  producers (e062) at 0.025: 5 regions, effective 3.658, sizes 343 336 194 63 63
  producers (e062) at 0.03: 8 regions, effective 5.028, sizes 321 169 133 67 55 54 50 31
  producers (e062) at 0.035: 8 regions, effective 4.697, sizes 300 141 108 54 48 46 26 24
climate  size match land  temp   rain  dry  coolest  room  regions(5%) eff 0.025/0.03/0.035 largest masses(eff) shared
c1288     512     1 0.21   3.7    693 0.43   -6.3   2125  11 (6)  7.50  7.53  7.53 0.29   5 (3.25)   8
c1251     512     1 0.32   8.2    497 0.46   -5.8   3382   9 (5)  5.00  5.22  5.22 0.48   2 (1.60)   9
c1225     512     1 0.42  21.2   3693 0.61    9.9   3680   8 (4)  3.66  5.03  4.70 0.47   2 (1.21)   7
c1151     512     1 0.46  -1.1     82 0.72  -12.3   1511   7 (7)  6.36  4.39  4.46 0.55   1 (1.00)   7
c1255     512     1 0.33   2.2     29 0.79  -13.2    734   4 (4)  3.68  3.70  2.77 0.43   2 (1.63)   3
c1269     512     1 0.28   2.2    106 0.65   -7.6   1568   5 (4)  3.74  3.63  3.61 0.42   2 (1.17)   4
c1072     512     1 0.33  30.9   1743 0.61   19.4   3083   8 (3)  3.51  3.37  6.02 0.59   6 (3.22)   4
c1044     512     1 0.25  21.8    145 0.79   -0.8    771   4 (4)  5.67  3.34  2.61 0.47   2 (1.86)   3
c1192     512     1 0.34  17.5    131 0.74   -9.4   1419   4 (4)  3.32  3.27  3.24 0.47   2 (2.00)   3
c1252     512     1 0.32  14.5   1129 0.63  -14.0   2037   7 (3)  1.81  3.25  3.27 0.64   1 (1.00)   7
c1276     512     1 0.33   2.6    208 0.44   -1.4   3245   6 (3)  2.02  3.10  3.11 0.61   2 (1.07)   5
c1267     512     1 0.27  -5.9     29 0.70  -26.8    979   5 (3)  3.08  3.04  3.04 0.59   2 (1.37)   5
c1059     512     1 0.46  21.4    258 0.51   -0.3   4255   7 (2)  1.79  2.39  2.27 0.77   1 (1.00)   7
c1165     512     1 0.24  -0.5     59 0.58  -12.8   1530   3 (3)  2.23  2.23  2.22 0.70   2 (1.64)   2
c1208     512     1 0.56  -4.2    128 0.48   -6.8   4614   5 (2)  2.17  2.21  2.20 0.78   1 (1.00)   5
c1049     512     1 0.28   0.8     26 0.77  -18.9    759   2 (2)  2.39  1.99  1.99 0.55   2 (1.99)   0
c1289     256     1 0.39  22.4   1987 0.62   10.9    786   2 (2)  2.27  1.99  1.98 0.56   1 (1.00)   2
c1150     256     1 0.37  13.1    220 0.77   -5.6    230   2 (2)  2.89  1.98  0.00 0.57   1 (1.00)   2
c1214     512     1 0.26  -6.0     42 0.57  -17.8   1703   2 (2)  2.17  1.97  1.94 0.59   2 (1.97)   0
c1053     512     1 0.66  25.6    233 0.58   20.8   6578   6 (2)  1.28  1.61  1.65 0.89   1 (1.00)   6
c1088     512     1 0.27   7.1     35 0.39   -0.0   2630   3 (2)  1.59  1.58  1.58 0.86   1 (1.00)   3
c1128     512     1 0.44   6.4     45 0.71  -19.5   1621   4 (1)  1.43  1.55  1.16 0.90   2 (1.15)   3
c1183     512     1 0.31   5.1    351 0.25    0.8   4139   3 (2)  1.53  1.52  1.52 0.87   2 (1.06)   2
c1221     512     1 0.41  13.4    769 0.74    5.9   2146   3 (2)  1.54  1.44  1.47 0.91   2 (1.14)   2
c1236     512     1 0.64   3.3    389 0.38   -1.2   7380   3 (1)  1.23  1.23  1.23 0.95   1 (1.00)   3
c1228     512     1 0.47  23.6    546 0.78   16.9   2442   2 (1)  1.06  1.19  1.00 0.96   1 (1.00)   2
c1223     512     1 0.41  15.4   2332 0.15   11.9   7254   2 (1)  1.07  1.07  1.07 0.99   1 (1.00)   2
c1009     512     1 0.59   4.9    291 0.24    2.3   8344   2 (1)  1.00  1.05  1.05 0.99   1 (1.00)   2
c1182     512     1 0.50  28.9   1928 0.59   16.7   4571   2 (1)  1.05  1.04  1.00 0.99   1 (1.00)   2
c1161     256     1 0.20   5.9     69 0.74   -5.0    214   1 (1)  1.48  1.00  1.00 1.00   1 (1.00)   0
c1017     256     1 0.23   7.2    102 0.84  -13.4     98   0 (0)  0.00  0.00  0.00 0.00   0 (0.00)   0
c1173     512     1 0.68  30.8    490 0.92   15.0    551   0 (0)  0.00  0.00  0.00 0.00   0 (0.00)   0
c1237     512     1 0.61  13.8     67 0.91    8.3    429   0 (0)  0.00  0.00  0.00 0.00   0 (0.00)   0
c1280     512     1 0.57  26.5    461 0.87   14.5   1037   0 (0)  0.00  0.00  0.00 0.00   0 (0.00)   0
rank correlation with the effective number over the 30 climates at 512: land_share -0.57, dryness -0.06, coolest -0.45, rain_land -0.09, relief +0.36, grain -0.21, tilt +0.18, year +0.16, latitude_span +0.37
c1288_d11 (producers) at 0.025: 12 regions, effective 7.90
c1288_d11 (producers) at 0.03: 11 regions, effective 7.53
c1288_d11 (producers) at 0.035: 11 regions, effective 7.53
