step,lineage,size,mass,hard,muscle,sensor,digestive,bite,shell,open,bodies,age,plant,meat,p0,p1,pnone,bite_any,shell_front,shell_back,shell_side,foot,len_fwd,len_side,height,density,digest,side
5000,1,556,32.4,2.5,2.1,5.1,24.2,0.1,1.47,6.8,182,1033,54.01,21.04,252,136,168,0.1,1.55,1.34,1.50,4.86,6.39,5.44,31.6,0.973,0.481,7.51
5000,64,178,31.2,0.5,0.2,19.1,24.9,0.0,1.05,0.1,54,273,19.21,1.51,0,43,135,0.0,1.09,1.01,1.05,6.20,6.66,6.67,41.7,0.878,0.393,6.69
5000,30,177,12.8,1.4,0.1,1.8,12.9,0.0,1.22,6.8,82,560,29.85,10.60,70,63,44,0.0,1.11,1.38,1.21,3.67,4.50,5.15,29.4,0.782,0.441,6.45
5000,4,171,15.9,0.4,0.0,3.4,14.5,0.0,1.14,11.5,108,906,49.77,19.79,139,21,11,0.0,1.04,1.19,1.16,3.48,4.58,4.61,17.1,0.950,0.427,7.47
5000,3,82,13.1,0.1,0.0,1.2,14.0,0.0,1.07,9.4,34,1238,65.72,47.22,46,35,1,0.0,1.12,1.12,1.05,2.93,3.90,3.99,25.5,0.902,0.358,6.29
5000,10,75,32.6,1.5,1.1,0.9,22.8,0.0,1.39,0.2,21,861,89.84,47.09,54,21,0,0.7,1.06,1.74,1.39,4.13,5.17,5.17,23.4,1.201,0.367,5.23
5000,36,71,17.1,0.0,0.9,0.0,13.8,0.0,1.00,11.9,30,387,24.37,3.65,42,29,0,0.0,1.00,1.00,1.00,3.01,7.14,2.73,24.3,1.147,0.398,7.86
5000,26,65,17.7,0.0,3.4,0.2,15.2,0.0,1.00,12.6,30,1019,31.60,7.99,7,45,13,0.0,1.00,1.00,1.00,4.52,8.40,5.40,31.6,0.941,0.516,9.52
5000,25,53,16.5,0.4,3.2,0.0,10.4,0.1,1.10,15.5,22,1167,39.32,10.20,49,4,0,0.1,1.12,1.05,1.12,3.60,5.09,5.21,19.9,1.169,0.655,8.42
5000,21,51,24.4,0.1,0.0,6.4,17.6,0.0,1.00,2.1,16,1039,84.20,26.99,39,12,0,0.0,1.00,1.00,1.00,4.35,5.33,5.86,23.7,1.143,0.512,6.06
5000,31,50,14.9,2.7,0.0,0.0,8.9,0.0,1.68,14.3,22,497,26.36,9.23,49,1,0,0.0,1.81,1.28,1.98,3.34,2.36,7.50,14.8,1.037,0.375,8.14
5000,44,46,38.7,1.3,0.0,0.0,42.8,0.0,1.26,12.4,16,693,71.63,27.19,20,22,4,0.0,1.40,1.03,1.31,6.00,6.80,7.02,25.7,0.847,0.373,10.00
5000,42,46,29.3,0.0,0.0,5.2,21.2,0.0,1.00,8.6,16,588,73.27,28.56,22,23,1,0.0,1.00,1.00,1.00,3.67,5.04,4.67,25.9,1.241,0.460,7.00
5000,17,41,9.9,0.0,1.3,0.0,6.3,0.0,1.00,14.4,14,944,43.79,13.89,39,1,1,0.0,1.00,1.00,1.00,1.98,4.24,2.44,20.0,1.333,0.651,6.93
5000,90,41,19.6,0.9,2.2,9.0,14.5,0.0,1.16,8.2,19,1022,60.13,23.30,22,13,6,0.0,1.00,1.48,1.09,4.22,5.88,4.95,27.7,0.870,0.350,7.46
5000,8,36,46.5,0.0,0.0,0.2,45.9,0.0,1.00,10.1,11,888,155.97,59.88,11,25,0,0.0,1.00,1.00,1.00,5.69,6.08,6.44,26.2,1.013,0.669,8.78
5000,63,36,77.0,21.4,0.0,0.0,26.6,0.0,4.38,0.5,16,1115,138.62,35.99,17,16,3,0.0,5.12,3.95,4.19,6.06,6.89,7.03,28.3,1.112,0.341,7.08
5000,59,34,38.5,0.0,0.8,0.4,44.9,0.0,1.00,0.0,7,1138,177.51,91.37,32,2,0,0.0,1.00,1.00,1.00,6.15,6.74,6.74,19.3,0.838,0.560,6.74
5000,6,29,60.4,0.0,1.7,15.7,41.2,0.0,1.00,0.1,12,660,68.60,16.65,13,6,10,0.0,1.00,1.00,1.00,6.41,7.66,7.72,29.5,1.180,0.423,7.72
5000,93,26,46.2,0.9,18.8,0.0,25.6,0.1,1.07,1.4,18,1542,118.82,67.25,25,1,0,0.1,1.23,1.00,1.02,7.00,7.69,8.04,19.6,1.000,0.526,8.15
5000,46,22,19.3,0.0,1.9,8.9,11.2,0.0,1.00,3.8,13,1436,53.43,19.03,5,10,7,0.0,1.00,1.00,1.00,5.23,6.36,7.73,33.4,1.115,0.579,7.73
5000,51,22,47.8,0.0,0.0,7.0,43.8,0.0,1.00,0.5,9,1331,149.16,68.62,20,2,0,0.0,1.00,1.00,1.00,6.55,7.32,7.09,16.7,1.021,0.450,7.32
5000,75,18,19.8,0.0,7.7,2.0,13.9,0.0,1.00,14.2,7,1059,32.27,4.30,0,16,2,0.0,1.00,1.00,1.00,4.00,6.17,4.50,33.5,0.875,0.410,8.89
5000,99,17,7.4,0.4,0.0,0.9,5.4,0.0,1.11,13.4,9,376,18.23,5.81,17,0,0,0.0,1.00,1.13,1.21,2.47,2.29,4.06,13.7,1.141,0.476,6.53
5000,28,14,36.0,0.0,0.0,19.9,25.1,0.0,1.00,0.0,8,1218,115.01,45.54,1,12,1,0.0,1.00,1.00,1.00,6.21,7.00,7.00,30.8,1.022,0.465,7.00
5000,33,13,12.9,2.2,0.0,0.0,8.0,0.0,1.68,19.8,3,702,24.11,26.18,0,12,1,0.0,1.86,1.79,1.51,2.92,3.62,5.46,31.9,1.023,0.332,9.08
5000,39,10,40.2,0.4,10.7,0.0,26.6,0.0,1.00,3.6,8,1987,105.00,59.38,5,5,0,0.0,1.00,1.00,1.00,5.80,6.60,7.20,25.5,1.044,0.722,7.80
5000,12,10,55.8,15.8,1.6,0.3,21.9,0.0,4.17,4.2,7,1443,21.96,0.48,0,9,1,0.0,2.35,6.11,4.13,6.70,7.80,7.30,33.4,1.000,0.324,8.60
5000,115,7,44.3,0.0,0.0,23.0,26.0,0.0,1.00,0.0,1,1209,122.75,46.22,7,0,0,0.0,1.00,1.00,1.00,5.86,7.00,7.00,21.8,1.180,0.457,7.00
5000,24,7,79.1,0.0,0.0,0.0,71.6,0.0,1.00,0.0,3,1279,321.93,125.99,7,0,0,0.0,1.00,1.00,1.00,7.86,8.86,8.86,16.5,1.100,0.562,8.86
5000,121,7,52.9,17.1,0.0,0.0,31.9,0.0,5.90,0.0,2,1903,102.11,28.15,0,7,0,0.0,7.33,7.63,4.32,6.86,7.00,7.00,34.1,0.798,0.556,7.00
5000,111,6,41.6,0.3,0.0,0.0,40.0,0.0,1.05,0.0,2,1975,255.22,157.53,6,0,0,0.0,1.10,1.00,1.05,5.67,6.33,6.33,10.5,1.022,0.491,6.33
5000,41,6,41.3,0.0,25.3,0.0,10.5,0.0,1.00,0.0,5,1452,56.70,26.71,2,4,0,0.0,1.00,1.00,1.00,5.17,7.00,7.00,26.3,1.153,0.440,7.00
6000,1,513,37.1,2.3,2.4,6.8,28.3,0.1,1.42,3.7,181,1556,68.69,19.97,182,111,220,0.1,1.53,1.30,1.43,5.31,6.55,6.33,34.6,0.986,0.489,7.37
6000,64,206,31.2,1.0,0.1,18.7,23.8,0.0,1.20,0.2,67,774,32.60,2.86,0,73,133,0.0,1.26,1.12,1.21,5.92,6.56,6.62,40.6,0.884,0.424,6.64
6000,30,145,13.7,1.2,1.1,1.8,13.5,0.0,1.18,6.0,72,899,33.44,12.09,40,62,43,0.0,1.09,1.33,1.16,3.63,4.44,5.21,31.0,0.764,0.428,6.27
6000,4,139,19.7,1.1,0.1,6.2,15.5,0.0,1.28,9.6,82,1274,51.92,12.34,95,33,11,0.0,1.21,1.34,1.30,3.99,4.93,5.42,17.6,0.946,0.408,7.55
6000,26,84,16.5,0.0,2.7,0.7,14.3,0.0,1.00,13.5,37,1423,33.89,10.28,33,37,14,0.0,1.00,1.00,1.00,4.45,8.29,5.06,29.3,0.954,0.528,9.42
6000,36,81,12.8,0.0,0.2,0.0,11.1,0.0,1.00,13.4,34,787,48.83,14.86,69,12,0,0.0,1.00,1.00,1.00,2.67,6.30,2.17,19.4,1.117,0.418,7.59
6000,3,75,13.5,0.1,0.0,1.8,14.2,0.0,1.02,8.0,27,1628,80.51,52.70,27,47,1,0.0,1.01,1.00,1.03,2.93,4.11,4.15,27.3,0.892,0.365,6.13
6000,44,57,29.3,2.8,0.0,0.0,28.5,0.0,1.75,16.5,25,783,86.84,22.85,49,4,4,0.0,2.05,1.27,1.82,4.70,5.47,5.86,17.9,0.855,0.411,9.79
6000,10,57,31.4,2.1,1.9,0.6,20.1,0.0,1.66,0.4,22,1505,145.26,72.27,30,27,0,1.0,1.21,2.09,1.68,4.05,5.11,5.12,25.1,1.186,0.374,5.19
6000,31,52,15.3,3.4,0.0,0.1,8.3,0.0,1.85,13.9,25,1064,50.78,20.69,50,2,0,0.0,2.03,1.36,2.16,3.33,2.42,7.60,15.3,1.030,0.377,8.06
6000,90,48,21.7,1.3,1.7,9.7,16.2,0.0,1.31,6.4,20,1517,69.29,25.04,22,20,6,0.0,1.11,1.70,1.23,4.33,6.25,5.31,28.1,0.862,0.353,7.38
6000,25,46,20.8,0.4,4.9,0.0,12.5,0.1,1.12,12.0,21,1350,37.24,13.72,27,19,0,0.1,1.14,1.06,1.14,4.52,6.37,7.26,23.7,1.134,0.642,8.74
6000,63,45,67.2,17.7,0.0,2.0,23.7,0.0,4.05,1.6,26,1538,170.70,45.71,23,21,1,0.0,4.67,3.63,3.92,5.71,6.76,6.78,26.9,1.126,0.332,7.13
6000,17,40,23.7,0.0,0.3,0.0,22.2,0.0,1.00,8.4,25,822,52.27,16.70,34,5,1,0.0,1.00,1.00,1.00,3.53,5.35,4.55,22.0,1.133,0.652,7.03
6000,59,39,37.6,0.0,0.9,0.8,43.0,0.0,1.00,0.4,10,1396,233.52,110.90,37,2,0,0.0,1.00,1.00,1.00,6.05,6.59,6.77,18.8,0.846,0.568,6.77
6000,21,37,25.8,0.0,0.0,6.6,18.7,0.0,1.01,1.5,12,1837,132.93,37.38,27,10,0,0.0,1.00,1.02,1.02,4.49,5.49,5.84,23.7,1.162,0.507,6.03
6000,99,34,11.3,0.8,0.1,0.9,8.6,0.0,1.29,13.1,11,533,23.65,7.67,34,0,0,0.0,1.22,1.23,1.38,2.65,2.94,4.56,14.7,1.111,0.486,7.03
6000,46,29,16.9,0.0,1.4,7.7,9.8,0.0,1.00,6.9,16,1743,53.51,16.93,8,14,7,0.0,1.00,1.00,1.00,4.69,5.48,7.34,31.8,1.141,0.571,7.72
6000,123,29,33.4,1.7,0.7,6.6,27.1,0.1,1.39,4.3,16,1480,81.98,25.13,9,17,3,0.1,1.46,1.40,1.34,5.62,6.97,6.07,28.6,0.957,0.397,7.55
6000,8,29,40.7,0.0,0.0,0.2,40.4,0.0,1.00,10.9,10,1596,226.73,96.72,9,20,0,0.0,1.00,1.00,1.00,5.28,5.83,6.14,25.9,1.016,0.667,8.69
6000,93,24,46.5,1.0,19.3,0.0,24.8,0.1,1.10,1.5,18,2337,134.98,68.64,24,0,0,0.1,1.24,1.00,1.07,6.96,7.67,8.04,19.0,1.009,0.522,8.17
6000,121,21,60.1,23.3,0.0,0.0,27.1,0.0,7.50,0.0,6,1337,70.37,13.88,0,21,0,0.0,9.13,9.35,5.77,6.62,7.10,7.10,34.2,0.810,0.555,7.10
6000,51,20,48.0,0.0,0.0,5.3,43.6,0.0,1.00,0.5,7,1891,252.20,98.79,19,1,0,0.0,1.00,1.00,1.00,6.50,7.20,6.95,16.8,1.046,0.445,7.20
6000,6,19,60.9,0.0,3.4,15.3,39.5,0.0,1.00,0.2,12,1632,197.73,34.85,8,7,4,0.0,1.00,1.00,1.00,6.53,7.79,7.89,28.7,1.193,0.424,7.89
6000,42,18,52.1,0.0,0.0,14.3,35.7,0.0,1.00,0.8,6,1976,269.32,91.95,18,0,0,0.0,1.00,1.00,1.00,5.17,7.28,7.11,21.9,1.217,0.434,7.39
6000,41,17,43.9,0.0,27.3,0.0,10.7,0.0,1.00,0.2,10,1273,53.08,16.44,12,5,0,0.0,1.00,1.00,1.00,5.12,6.94,7.06,22.6,1.155,0.440,7.06
6000,124,11,11.0,0.0,0.0,0.0,11.9,0.0,1.00,12.2,7,1206,66.56,33.95,8,3,0,0.0,1.00,1.00,1.00,3.09,6.45,3.27,23.9,0.920,0.417,7.91
6000,39,10,44.1,0.2,15.2,0.0,25.6,0.0,1.00,2.6,5,1500,70.65,27.44,5,5,0,0.0,1.00,1.00,1.00,6.10,7.20,7.30,25.8,1.057,0.740,7.90
6000,12,10,55.8,15.8,1.6,0.3,21.9,0.0,4.17,4.2,7,2443,41.30,1.91,0,9,1,0.0,2.35,6.11,4.13,6.60,7.80,7.30,33.3,1.000,0.324,8.60
6000,28,9,43.9,0.0,3.6,13.7,30.8,0.0,1.00,0.0,6,1663,111.04,73.79,1,6,2,0.0,1.00,1.00,1.00,6.22,7.11,7.11,33.9,1.056,0.478,7.11
6000,115,7,44.3,0.0,0.0,23.0,26.0,0.0,1.00,0.0,1,2209,239.96,115.15,7,0,0,0.0,1.00,1.00,1.00,5.86,7.00,7.00,21.8,1.180,0.457,7.00
7000,64,306,30.6,1.0,0.1,17.7,23.8,0.0,1.19,0.3,127,941,37.67,6.51,7,93,206,0.0,1.25,1.10,1.21,6.22,6.53,6.51,42.3,0.879,0.400,6.58
7000,30,261,12.7,1.4,0.4,0.6,12.9,0.0,1.29,6.8,127,609,31.76,13.74,125,53,83,0.0,1.22,1.44,1.28,3.51,4.26,4.88,29.3,0.785,0.444,6.24
7000,1,221,39.1,4.4,3.9,8.7,26.8,0.0,1.95,0.4,102,908,44.71,13.66,24,86,111,0.2,2.53,1.64,1.82,5.89,6.66,6.76,39.9,0.901,0.437,6.82
7000,36,111,21.0,0.0,1.6,0.0,16.1,0.0,1.01,10.3,50,764,50.57,22.32,64,42,5,0.0,1.00,1.01,1.01,3.16,6.73,3.23,23.3,1.141,0.440,7.51
7000,8,96,19.6,0.0,0.3,0.0,18.4,0.0,1.00,15.6,28,546,43.98,24.08,15,80,1,0.0,1.00,1.00,1.00,3.48,4.03,4.67,29.8,1.066,0.578,8.26
7000,3,95,9.7,0.1,0.0,2.5,9.2,0.0,1.05,11.0,52,744,36.28,18.31,50,45,0,0.0,1.06,1.06,1.04,2.53,3.58,3.48,25.8,0.909,0.384,6.27
7000,10,81,28.5,3.0,1.9,0.9,15.9,0.1,1.88,1.3,36,1027,93.63,50.51,34,47,0,0.8,1.34,2.43,1.88,3.53,4.72,4.69,26.2,1.176,0.396,5.01
7000,4,77,27.9,1.9,0.4,13.2,18.5,0.0,1.40,6.7,45,1426,76.11,23.41,58,17,2,0.0,1.42,1.46,1.36,4.94,6.01,6.81,16.5,0.949,0.358,8.05
7000,119,65,13.2,0.2,0.0,2.6,13.7,0.0,1.03,8.2,31,771,60.54,35.79,41,24,0,0.0,1.00,1.09,1.03,3.28,5.48,3.65,25.0,0.852,0.363,6.60
7000,51,64,24.4,0.0,0.5,1.8,22.8,0.0,1.00,9.7,17,586,78.76,34.07,60,4,0,0.0,1.00,1.00,1.00,4.20,4.97,4.33,16.8,0.930,0.451,7.06
7000,21,59,18.2,0.1,0.0,6.2,12.6,0.0,1.01,3.7,21,783,33.63,13.15,41,18,0,0.0,1.01,1.00,1.01,3.80,4.95,5.42,24.6,1.133,0.505,6.12
7000,31,52,12.8,2.4,0.0,0.0,8.0,0.0,1.61,15.0,17,1333,53.94,21.33,47,4,1,0.0,1.77,1.16,1.88,3.21,2.19,7.88,16.8,1.046,0.392,8.10
7000,26,39,16.1,0.0,3.7,0.5,13.1,0.0,1.00,13.8,26,2148,49.33,19.45,16,22,1,0.0,1.00,1.00,1.00,4.21,9.00,4.79,27.0,0.944,0.522,9.64
7000,59,38,31.6,0.0,1.3,0.0,33.7,0.0,1.00,2.3,13,1036,180.28,94.64,38,0,0,0.0,1.00,1.00,1.00,4.74,6.05,5.84,17.5,0.923,0.567,6.50
7000,63,35,73.7,17.6,0.3,2.3,27.1,0.0,4.07,1.6,23,862,82.90,31.19,26,9,0,0.0,4.48,4.34,3.65,5.80,6.97,7.06,23.1,1.152,0.351,7.40
7000,6,34,61.1,1.9,2.5,17.4,38.1,0.0,1.13,0.0,16,902,100.84,24.16,20,13,1,0.1,1.09,1.05,1.20,6.82,7.82,7.82,22.4,1.154,0.424,7.82
7000,25,32,20.1,0.0,3.3,0.0,15.4,0.0,1.00,13.4,13,671,20.59,8.91,24,8,0,0.0,1.00,1.00,1.00,4.19,5.59,6.19,21.2,1.073,0.654,8.66
7000,90,29,18.9,1.4,2.0,4.8,14.2,0.0,1.25,7.2,14,1300,66.51,26.08,13,16,0,0.1,1.00,1.76,1.15,4.00,5.76,4.66,25.5,0.885,0.346,7.00
7000,46,25,12.0,0.0,0.6,2.2,8.4,0.0,1.00,13.0,10,898,43.61,13.18,5,18,2,0.0,1.00,1.00,1.00,3.56,3.52,7.60,30.5,1.188,0.571,7.88
7000,123,17,56.4,5.7,0.1,7.0,43.4,0.1,2.10,0.6,8,1090,117.70,47.25,7,10,0,0.1,2.40,1.92,2.04,7.71,7.76,7.59,26.1,0.969,0.418,7.82
7000,121,17,63.6,26.8,0.0,0.0,24.0,0.0,8.51,0.0,8,1156,46.59,2.85,0,17,0,0.0,10.08,10.39,6.77,6.59,7.12,7.12,34.2,0.816,0.557,7.12
7000,39,17,29.4,0.5,11.2,0.0,15.4,0.0,1.22,8.0,12,633,50.73,13.12,8,5,4,0.0,1.29,1.00,1.29,4.71,5.76,6.47,28.5,1.058,0.706,8.12
7000,93,16,48.5,0.0,21.9,0.0,21.8,0.0,1.00,0.0,10,1116,83.14,41.75,14,2,0,0.0,1.00,1.00,1.00,6.19,7.69,7.69,18.5,1.110,0.571,7.69
7000,41,12,41.4,0.0,24.4,0.0,11.2,0.0,1.00,0.3,11,1470,20.21,9.61,9,1,2,0.0,1.00,1.00,1.00,5.33,7.00,7.17,24.5,1.158,0.439,7.17
7000,115,11,46.7,0.0,0.0,23.1,28.6,0.0,1.00,0.0,3,1064,202.96,117.35,11,0,0,0.0,1.00,1.00,1.00,5.82,7.18,7.18,22.0,1.164,0.470,7.18
7000,44,9,46.7,6.7,0.0,0.0,40.3,0.0,2.54,10.0,7,1957,227.45,76.00,9,0,0,0.0,3.28,1.14,2.84,5.44,7.22,7.33,16.9,0.861,0.401,9.78
7000,99,9,15.6,0.0,0.0,3.3,13.7,0.0,1.00,8.7,4,1574,32.21,13.85,9,0,0,0.0,1.00,1.00,1.00,4.22,4.22,5.67,14.6,1.083,0.499,7.11
7000,17,9,23.5,0.0,0.4,0.0,23.1,0.0,1.00,5.8,8,979,86.10,25.02,6,3,0,0.0,1.00,1.00,1.00,4.11,5.56,5.78,22.9,1.026,0.672,7.00
7000,42,7,43.1,0.0,0.0,17.4,27.3,0.0,1.00,1.1,3,1623,144.75,66.62,7,0,0,0.0,1.00,1.00,1.00,5.29,6.86,6.86,21.6,1.202,0.429,7.14
7000,127,7,17.8,0.0,0.0,13.0,13.9,0.0,1.00,9.4,6,1007,37.97,10.37,7,0,0,0.0,1.00,1.00,1.00,3.43,6.71,5.14,21.4,0.877,0.547,8.29
7000,28,6,49.5,0.0,13.0,11.5,27.5,0.0,1.00,0.7,4,1244,34.86,14.76,0,3,3,0.0,1.00,1.00,1.00,6.33,7.17,7.50,39.5,1.061,0.450,7.50
8000,64,351,30.0,1.1,0.1,17.9,22.9,0.0,1.27,0.2,137,883,42.14,7.44,37,147,167,0.0,1.39,1.16,1.26,6.37,6.50,6.50,38.5,0.874,0.399,6.55
8000,30,297,15.6,1.1,0.5,0.6,15.7,0.0,1.14,5.9,135,586,37.58,16.03,145,102,50,0.0,1.04,1.28,1.12,3.72,4.81,5.07,28.3,0.823,0.425,6.40
8000,1,169,38.1,3.8,3.9,9.2,26.4,0.1,1.85,0.5,91,1514,48.07,13.36,18,62,89,0.2,2.33,1.69,1.70,5.76,6.70,6.72,40.4,0.901,0.434,6.84
8000,36,127,18.7,0.1,1.1,0.0,14.6,0.0,1.04,10.4,55,897,40.14,17.61,84,40,3,0.0,1.06,1.07,1.03,3.03,6.50,3.20,22.7,1.120,0.432,7.36
8000,4,109,22.4,2.3,0.2,8.8,14.9,0.0,1.65,10.0,56,1141,64.05,16.16,90,17,2,0.0,1.63,1.72,1.63,4.34,5.17,5.73,11.7,0.914,0.387,7.95
8000,3,105,8.6,0.0,0.0,2.0,8.7,0.0,1.00,11.4,42,879,45.74,27.76,70,28,7,0.0,1.00,1.00,1.00,2.62,3.29,3.53,25.3,0.885,0.395,6.27
8000,10,91,28.8,2.3,1.8,1.2,17.4,0.0,1.55,0.8,38,972,85.91,50.95,39,52,0,0.6,1.10,2.13,1.49,3.69,4.82,4.78,25.5,1.187,0.408,5.01
8000,133,65,19.3,0.3,2.0,0.3,16.0,0.0,1.07,4.4,27,797,68.70,39.93,44,21,0,0.0,1.04,1.09,1.07,3.66,4.89,5.37,24.1,1.027,0.490,6.22
8000,21,53,15.7,0.3,0.2,4.9,10.0,0.0,1.07,4.7,23,832,50.06,11.95,51,2,0,0.0,1.01,1.05,1.10,3.49,4.79,4.77,22.7,1.180,0.503,5.91
8000,90,52,14.2,1.4,2.1,2.9,9.7,0.0,1.30,10.7,27,978,52.79,13.94,17,35,0,0.2,1.08,1.80,1.17,3.48,4.65,4.10,26.4,0.892,0.358,7.02
8000,63,51,54.8,8.2,0.2,2.8,29.0,0.0,1.70,2.9,24,710,74.89,28.87,16,24,11,0.0,1.78,2.10,1.42,5.75,6.55,6.51,28.9,1.156,0.342,7.24
8000,119,50,11.9,0.5,0.0,2.7,11.4,0.0,1.09,8.8,19,1039,47.74,25.47,42,8,0,0.0,1.00,1.21,1.08,3.10,5.44,3.12,23.6,0.862,0.348,6.48
8000,6,45,55.6,2.1,6.4,20.0,27.6,0.1,1.35,0.1,33,1002,103.71,38.54,31,14,0,0.2,1.58,1.21,1.32,6.53,7.71,7.67,21.0,1.155,0.401,7.71
8000,59,35,32.0,0.0,2.2,0.1,31.3,0.0,1.00,0.4,18,1052,154.08,91.67,35,0,0,0.0,1.00,1.00,1.00,4.60,6.11,5.97,16.2,0.960,0.576,6.11
8000,139,32,31.1,0.0,14.8,2.1,18.0,0.0,1.00,0.9,23,2081,134.77,49.32,25,7,0,0.0,1.00,1.00,1.00,4.75,6.31,6.47,22.1,0.913,0.453,6.62
8000,8,30,26.7,0.0,0.0,0.0,24.8,0.0,1.00,13.3,17,643,43.21,29.36,9,20,1,0.0,1.00,1.00,1.00,3.67,4.87,5.30,28.7,1.083,0.638,8.40
8000,51,28,37.6,0.7,2.5,4.4,30.1,0.3,1.12,2.8,12,1179,109.37,54.80,26,2,0,0.4,1.23,1.00,1.12,5.54,6.68,6.00,16.5,1.028,0.422,7.04
8000,39,28,25.7,1.9,6.8,0.0,12.5,0.0,1.99,11.2,20,796,59.51,9.99,17,10,1,0.0,2.59,1.29,2.05,3.89,5.36,5.39,24.3,1.109,0.684,8.14
8000,26,25,12.9,0.0,1.5,1.7,11.1,0.0,1.00,15.7,14,947,55.67,29.44,16,9,0,0.0,1.00,1.00,1.00,4.44,8.24,4.04,23.9,0.975,0.538,9.20
8000,121,18,60.8,25.2,0.0,0.0,24.6,0.0,8.06,0.0,5,1711,77.74,10.14,0,18,0,0.0,9.88,10.21,6.08,6.56,7.06,7.06,34.2,0.810,0.553,7.06
8000,25,17,22.0,0.0,5.1,0.0,15.5,0.0,1.00,10.1,10,1389,23.78,2.45,14,3,0,0.0,1.00,1.00,1.00,4.88,6.12,7.47,19.8,1.084,0.632,8.59
8000,31,15,18.9,5.3,0.0,0.8,9.5,0.0,1.99,12.5,9,1290,52.63,9.22,12,2,1,0.0,2.59,1.00,2.28,3.93,3.40,8.13,20.0,0.999,0.399,8.13
8000,123,15,44.4,4.3,0.7,5.1,33.8,0.3,1.81,2.1,8,1259,101.70,36.93,5,9,1,0.3,2.11,1.76,1.68,5.93,7.13,6.87,28.7,0.955,0.405,7.40
8000,93,13,46.6,0.0,19.9,0.0,22.3,0.0,1.00,0.0,11,1638,142.82,57.94,10,3,0,0.0,1.00,1.00,1.00,6.23,7.69,7.69,20.4,1.103,0.571,7.69
8000,46,8,12.9,0.0,0.0,2.1,10.0,0.0,1.00,11.8,4,1767,43.31,20.24,2,5,1,0.0,1.00,1.00,1.00,3.62,3.62,7.88,31.1,1.178,0.574,7.88
8000,115,8,47.7,0.0,0.0,23.2,29.5,0.0,1.00,0.0,4,1676,297.38,138.30,8,0,0,0.0,1.00,1.00,1.00,5.38,7.25,7.25,22.1,1.164,0.473,7.25
8000,136,7,12.8,0.0,0.9,0.0,12.3,0.0,1.00,14.3,7,2242,68.41,14.50,4,3,0,0.0,1.00,1.00,1.00,3.86,4.86,7.71,23.1,0.961,0.506,9.14
8000,17,7,22.4,0.0,1.4,0.0,19.7,0.0,1.00,7.1,5,1134,58.67,25.38,4,3,0,0.0,1.00,1.00,1.00,3.57,4.71,5.43,25.0,1.166,0.669,6.86
8000,28,7,36.0,0.0,7.7,12.1,20.1,0.0,1.00,2.6,6,826,28.97,37.71,0,6,1,0.0,1.00,1.00,1.00,5.86,7.00,6.43,33.7,1.037,0.452,7.29
8000,44,6,45.8,10.5,0.0,0.0,33.0,0.0,3.42,8.3,3,555,71.55,26.17,3,3,0,0.0,4.96,1.10,3.75,5.67,7.83,6.67,25.5,0.842,0.460,9.33
8000,127,6,16.4,0.0,0.0,13.2,12.0,0.0,1.00,10.3,5,2011,51.92,21.97,6,0,0,0.0,1.00,1.00,1.00,3.33,6.17,5.33,21.3,0.884,0.550,8.33
8000,42,5,45.9,0.0,0.0,20.0,29.0,0.0,1.00,0.0,1,1783,204.81,68.42,5,0,0,0.0,1.00,1.00,1.00,6.20,7.00,7.00,22.8,1.178,0.421,7.00
9000,64,335,30.3,1.3,0.2,16.9,23.1,0.0,1.28,0.2,143,1134,50.96,9.77,44,120,171,0.0,1.50,1.10,1.27,6.27,6.50,6.47,39.3,0.878,0.382,6.53
9000,30,183,16.8,1.9,0.9,0.4,16.1,0.0,1.34,5.2,96,870,47.97,17.29,64,55,64,0.0,1.09,1.64,1.32,3.89,4.89,5.20,31.7,0.812,0.427,6.33
9000,4,125,23.1,3.4,0.1,6.5,14.6,0.0,2.12,9.5,65,1170,60.45,14.30,79,16,30,0.1,2.20,2.42,2.04,4.08,5.19,5.47,21.2,0.933,0.410,7.70
9000,1,119,38.1,3.9,5.2,8.1,25.2,0.1,1.90,0.7,67,1882,48.83,10.02,21,49,49,0.2,2.37,1.78,1.73,5.88,6.56,6.70,37.3,0.906,0.427,6.80
9000,36,116,19.9,0.4,1.2,0.0,14.9,0.0,1.13,10.7,49,1332,45.66,19.67,72,43,1,0.0,1.19,1.20,1.08,3.13,6.34,3.38,23.0,1.123,0.429,7.41
9000,3,99,8.9,0.6,0.0,2.2,7.7,0.0,1.33,11.8,42,959,45.44,24.67,37,55,7,0.0,1.41,1.41,1.30,2.42,3.36,3.26,26.2,0.874,0.387,6.27
9000,10,90,25.9,2.5,1.6,1.0,14.8,0.1,1.72,2.6,38,1413,111.16,66.79,41,49,0,0.6,1.31,2.25,1.65,3.37,4.44,4.39,25.3,1.180,0.394,5.08
9000,63,58,53.7,9.5,0.2,2.1,26.6,0.0,2.45,4.2,27,885,80.09,24.53,17,27,14,0.0,2.50,2.73,2.28,5.60,6.19,6.07,30.1,1.144,0.339,7.16
9000,6,57,51.8,3.1,7.1,18.2,22.7,0.2,1.64,0.9,42,1205,101.75,38.32,45,12,0,0.4,2.11,1.14,1.66,6.11,7.19,7.28,20.0,1.157,0.361,7.46
9000,119,52,15.1,0.1,0.0,2.9,15.6,0.0,1.02,6.7,19,1128,52.56,29.97,37,15,0,0.0,1.00,1.06,1.02,3.73,5.75,3.79,24.6,0.870,0.368,6.44
9000,133,49,21.3,0.4,2.4,0.2,17.2,0.0,1.09,1.7,19,1526,91.15,50.89,31,18,0,0.0,1.06,1.12,1.09,4.20,5.49,5.96,24.4,1.031,0.496,6.14
9000,90,48,14.1,2.5,2.9,1.6,6.9,0.0,1.62,11.5,22,1165,60.15,20.03,32,16,0,0.5,1.38,2.56,1.28,3.25,4.31,4.04,23.1,0.896,0.371,7.02
9000,21,46,15.4,0.7,0.0,5.1,8.9,0.0,1.20,4.8,17,1312,70.24,20.63,44,2,0,0.0,1.04,1.20,1.28,3.43,4.72,4.87,22.9,1.166,0.502,5.98
9000,46,41,10.1,0.0,0.7,0.8,7.7,0.0,1.00,14.7,13,348,13.86,9.28,0,34,7,0.0,1.00,1.00,1.00,3.54,2.93,7.00,33.3,1.154,0.570,7.76
9000,26,40,10.4,0.0,1.0,1.9,8.7,0.0,1.00,18.4,19,1014,31.59,24.92,32,8,0,0.0,1.00,1.00,1.00,3.50,6.20,3.83,23.2,0.989,0.557,8.85
9000,59,38,30.4,0.0,3.3,0.0,28.1,0.0,1.00,0.3,26,1118,131.70,77.88,36,2,0,0.0,1.00,1.00,1.00,5.32,6.03,5.89,16.4,0.968,0.559,6.03
9000,39,36,23.4,2.7,5.1,0.0,10.4,0.0,2.42,11.8,19,1137,61.74,16.18,25,10,1,0.0,3.28,1.52,2.47,3.53,5.17,5.03,24.1,1.119,0.667,8.03
9000,8,32,34.3,0.0,0.0,0.0,30.1,0.0,1.00,8.3,14,809,89.73,61.70,18,14,0,0.0,1.00,1.00,1.00,4.72,5.12,6.78,24.4,1.155,0.609,8.03
9000,139,30,26.5,0.0,12.2,4.0,14.9,0.0,1.00,1.7,21,821,37.27,14.27,22,8,0,0.0,1.00,1.00,1.00,4.77,5.77,6.23,23.2,0.899,0.452,6.43
9000,51,23,34.4,0.0,4.5,3.3,26.4,0.0,1.00,3.7,11,811,99.29,37.00,21,2,0,0.0,1.00,1.00,1.00,5.61,7.04,5.48,15.8,1.054,0.441,7.17
9000,17,16,7.5,0.0,0.0,0.0,5.9,0.0,1.00,12.6,8,402,12.91,4.66,1,15,0,0.0,1.00,1.00,1.00,1.81,3.12,2.56,31.0,1.314,0.539,6.00
9000,93,14,49.8,0.0,19.4,0.0,25.4,0.0,1.00,0.0,11,1916,163.27,55.98,11,3,0,0.0,1.00,1.00,1.00,6.14,7.57,7.57,19.8,1.109,0.570,7.57
9000,25,13,19.2,0.0,5.0,0.0,12.1,0.0,1.00,12.3,8,1717,21.80,5.07,9,4,0,0.0,1.00,1.00,1.00,4.23,5.77,7.15,21.2,1.128,0.640,8.69
9000,147,12,30.2,0.0,0.0,15.3,24.5,0.0,1.00,3.3,6,1254,60.92,58.38,11,0,1,0.0,1.00,1.00,1.00,5.50,6.83,7.50,19.0,0.926,0.444,8.00
9000,115,9,46.0,0.0,0.0,24.4,27.9,0.0,1.00,0.0,4,2016,315.83,126.84,9,0,0,0.0,1.00,1.00,1.00,6.56,7.22,7.22,21.8,1.150,0.478,7.22
9000,31,9,34.7,13.9,0.0,1.3,10.1,0.0,4.09,9.1,7,1600,36.58,2.68,6,2,1,0.0,5.22,2.41,4.51,4.44,4.11,8.22,22.9,0.961,0.429,8.22
9000,123,8,43.2,5.2,1.0,4.4,31.5,0.2,1.93,2.8,6,1707,60.89,13.12,2,5,1,0.2,2.35,1.81,1.77,6.12,7.00,6.88,31.2,0.941,0.411,7.38
9000,28,8,37.1,0.0,10.9,10.6,18.9,0.0,1.00,1.8,7,1069,96.28,68.07,0,8,0,0.0,1.00,1.00,1.00,5.62,7.12,6.38,31.4,1.038,0.450,7.12
9000,121,7,60.7,26.0,0.0,0.0,23.0,0.0,8.47,0.0,2,1465,122.49,31.82,0,7,0,0.0,10.35,10.98,6.28,6.86,7.00,7.00,34.0,0.810,0.543,7.00
9000,42,6,44.8,0.0,0.0,21.5,27.5,0.0,1.00,0.0,2,1530,246.81,67.69,6,0,0,0.0,1.00,1.00,1.00,6.67,7.00,7.00,23.3,1.171,0.419,7.00
10000,1,436,34.1,2.0,5.6,5.6,20.9,0.0,1.38,4.0,197,1056,52.48,20.73,242,165,29,0.1,1.10,1.77,1.34,5.02,5.88,6.24,25.0,1.039,0.525,7.03
10000,64,320,31.4,1.7,0.3,16.0,23.9,0.0,1.35,0.4,133,1065,50.77,10.16,31,151,138,0.0,1.62,1.06,1.36,6.13,6.53,6.50,37.5,0.879,0.375,6.61
10000,30,147,18.7,2.9,1.2,0.3,16.5,0.0,1.51,5.5,92,1080,40.44,9.88,42,72,33,0.1,1.10,1.92,1.51,4.31,4.82,5.51,30.9,0.812,0.425,6.48
10000,4,125,20.2,3.2,0.1,4.4,13.3,0.0,2.06,11.5,69,1054,38.15,11.37,91,20,14,0.0,2.13,2.19,2.02,3.91,4.80,5.30,18.6,0.918,0.397,7.88
10000,10,90,26.3,2.2,0.9,0.3,16.9,0.0,1.66,1.8,37,1127,64.80,45.48,40,50,0,0.4,1.29,2.10,1.63,3.36,4.51,4.56,25.1,1.183,0.389,4.98
10000,26,74,13.8,0.0,0.6,1.3,12.9,0.0,1.00,17.4,30,564,14.50,9.75,69,5,0,0.0,1.00,1.00,1.00,3.64,5.92,4.59,18.9,0.995,0.569,8.86
10000,6,68,45.7,3.1,7.7,16.3,18.6,0.3,1.69,1.0,51,1346,101.50,26.28,38,18,12,0.4,2.08,1.20,1.75,5.66,6.79,6.96,25.5,1.127,0.344,7.12
10000,36,59,10.5,0.0,0.4,0.0,9.4,0.0,1.00,13.1,22,1191,49.66,29.47,53,6,0,0.0,1.00,1.00,1.00,2.56,5.85,2.31,17.6,1.068,0.388,7.36
10000,21,57,12.6,0.4,0.0,4.3,7.6,0.0,1.13,6.0,25,957,32.28,16.77,50,7,0,0.0,1.04,1.13,1.17,3.32,4.46,4.35,23.8,1.217,0.510,5.84
10000,133,54,13.2,0.7,1.4,0.2,9.2,0.0,1.17,10.4,24,932,30.00,12.36,21,33,0,0.0,1.11,1.22,1.19,2.89,3.31,4.20,25.6,1.088,0.496,6.35
10000,3,53,17.4,0.0,0.0,4.0,15.0,0.0,1.00,7.9,19,883,45.62,22.31,40,8,5,0.0,1.00,1.00,1.00,3.28,4.53,4.81,23.7,0.983,0.367,6.64
10000,8,46,23.1,0.0,0.0,0.0,20.3,0.0,1.00,13.2,16,895,81.80,63.79,33,13,0,0.0,1.00,1.00,1.00,3.61,4.39,5.26,21.3,1.153,0.626,8.07
10000,39,46,17.9,3.5,1.8,0.0,6.7,0.0,3.07,13.7,16,762,33.54,7.50,36,10,0,0.0,4.50,1.42,3.20,2.72,4.37,3.52,23.6,1.166,0.632,7.37
10000,140,44,31.1,0.2,0.3,1.5,20.6,0.0,1.02,5.1,19,841,60.04,38.57,44,0,0,0.0,1.02,1.02,1.02,3.66,4.75,5.00,17.6,1.427,0.476,6.16
10000,119,41,14.8,0.0,0.0,3.2,16.6,0.0,1.00,6.3,17,851,35.39,16.66,19,22,0,0.0,1.00,1.00,1.00,3.76,6.37,4.17,25.9,0.820,0.405,6.85
10000,123,38,13.8,0.2,1.1,0.6,13.3,0.1,1.04,10.7,14,444,17.18,2.36,1,36,1,0.1,1.08,1.01,1.04,3.61,5.32,3.87,35.5,0.891,0.391,7.13
10000,59,34,21.5,0.0,2.2,0.4,19.8,0.0,1.06,5.6,19,897,67.89,32.77,34,0,0,0.0,1.06,1.06,1.06,4.15,5.12,4.68,17.6,0.957,0.557,6.29
10000,139,25,26.8,0.0,12.3,2.1,16.6,0.0,1.00,1.6,15,1228,33.11,16.80,18,7,0,0.0,1.00,1.00,1.00,4.44,5.64,6.28,24.0,0.893,0.436,6.36
10000,90,23,13.7,2.4,3.8,1.0,5.9,0.0,1.60,11.9,13,2222,77.80,25.91,17,6,0,0.6,1.32,2.52,1.27,3.39,4.30,3.87,23.2,0.902,0.368,7.00
10000,51,17,32.9,0.0,5.2,0.9,26.4,0.0,1.00,4.7,9,1190,124.68,49.81,15,2,0,0.0,1.00,1.00,1.00,5.35,7.24,5.24,16.1,1.019,0.448,7.41
10000,147,17,30.1,0.0,0.0,15.4,24.2,0.0,1.00,3.2,9,894,39.54,19.82,16,0,1,0.0,1.00,1.00,1.00,5.82,6.88,7.53,17.1,0.934,0.444,8.00
10000,63,16,82.2,18.4,0.0,0.6,33.1,0.0,3.11,0.1,7,1498,103.45,17.62,4,6,6,0.0,2.94,3.87,2.80,7.00,7.25,7.31,32.8,1.174,0.356,7.31
10000,46,11,13.6,0.0,2.5,2.9,8.3,0.0,1.00,11.1,3,1308,29.96,24.36,0,11,0,0.0,1.00,1.00,1.00,4.55,3.36,7.45,33.0,1.129,0.567,7.45
10000,115,10,41.1,0.0,0.0,28.2,22.3,0.0,1.00,0.0,3,907,95.93,64.68,10,0,0,0.0,1.00,1.00,1.00,5.80,7.10,7.10,22.1,1.130,0.466,7.10
10000,28,9,31.4,0.0,5.7,16.0,16.7,0.0,1.00,2.2,6,1352,93.69,68.24,0,9,0,0.0,1.00,1.00,1.00,6.22,6.78,5.89,30.3,1.026,0.456,6.89
10000,93,8,48.2,0.0,15.8,0.0,27.6,0.0,1.00,0.0,6,1332,80.63,48.79,8,0,0,0.0,1.00,1.00,1.00,5.88,7.38,7.38,15.3,1.105,0.555,7.38
10000,31,7,37.1,10.4,0.0,6.6,13.9,0.0,3.71,6.0,6,946,31.83,3.13,7,0,0,0.0,4.21,2.98,3.90,4.14,5.29,8.29,16.8,1.036,0.361,8.29
10000,17,6,12.7,0.0,0.0,0.0,10.0,0.0,1.00,9.0,5,1077,22.77,10.74,3,3,0,0.0,1.00,1.00,1.00,3.00,4.33,3.50,24.8,1.254,0.564,6.17
10000,25,5,13.8,0.0,1.4,0.0,10.6,0.0,1.00,17.2,5,1414,7.36,9.00,1,4,0,0.0,1.00,1.00,1.00,3.00,4.60,5.80,27.5,1.136,0.636,8.60
11000,1,306,36.8,2.3,6.1,5.1,22.6,0.0,1.50,3.4,158,1210,58.52,20.30,176,106,24,0.1,1.21,1.89,1.45,5.36,6.21,6.41,24.2,1.037,0.532,7.12
11000,64,264,32.5,2.2,0.2,15.2,24.1,0.0,1.46,0.4,122,1135,49.86,10.17,35,111,118,0.0,1.79,1.07,1.49,6.21,6.56,6.51,37.3,0.888,0.374,6.64
11000,30,226,18.5,2.0,2.3,0.2,17.0,0.0,1.44,5.1,143,707,40.47,13.78,109,78,39,0.0,1.12,1.70,1.47,4.08,5.12,5.64,27.9,0.810,0.447,6.54
11000,4,111,17.9,1.7,0.4,5.4,12.4,0.0,1.47,13.5,62,865,38.50,8.54,103,7,1,0.1,1.48,1.44,1.49,3.62,4.49,5.37,9.2,0.932,0.431,8.30
11000,36,86,11.7,0.0,0.7,0.0,10.3,0.0,1.00,12.0,32,655,21.86,12.43,83,3,0,0.0,1.00,1.00,1.00,2.72,5.86,2.64,16.1,1.068,0.393,7.26
11000,6,54,47.4,4.3,6.9,16.0,18.8,0.5,2.04,0.3,42,1535,95.57,19.03,28,14,12,0.6,2.61,1.38,2.09,5.80,6.85,6.98,26.1,1.123,0.337,6.98
11000,26,53,6.5,0.0,0.0,0.6,6.1,0.0,1.00,20.5,15,437,10.85,3.33,49,4,0,0.0,1.00,1.00,1.00,2.28,3.53,3.04,20.0,1.000,0.616,8.25
11000,10,41,25.9,2.2,0.9,0.7,16.3,0.0,1.58,1.3,20,1542,111.74,92.66,12,29,0,0.4,1.23,2.04,1.51,3.12,4.46,4.76,27.3,1.178,0.389,4.85
11000,21,36,16.0,0.5,0.0,6.2,9.6,0.0,1.10,3.4,16,1116,46.57,15.38,30,6,0,0.0,1.02,1.10,1.13,4.25,4.97,5.31,24.1,1.167,0.500,5.97
11000,119,34,14.6,0.4,0.0,3.0,15.4,0.0,1.35,7.9,20,525,29.22,14.71,21,13,0,0.0,1.25,1.25,1.56,4.00,5.74,4.26,25.4,0.825,0.416,6.97
11000,59,32,20.3,0.0,1.8,0.9,18.8,0.0,1.00,5.4,18,890,70.98,27.56,26,6,0,0.0,1.00,1.00,1.00,3.75,5.31,4.66,20.9,0.961,0.541,6.31
11000,133,31,22.6,0.9,5.6,0.0,13.7,0.0,1.25,4.8,20,845,17.25,9.63,16,15,0,0.0,1.18,1.32,1.27,4.03,5.65,5.26,24.7,1.064,0.478,6.65
11000,140,31,21.2,0.6,0.0,0.3,13.3,0.0,1.06,8.6,10,738,49.17,28.14,29,2,0,0.0,1.00,1.14,1.04,3.00,3.26,4.55,20.9,1.496,0.498,6.06
11000,8,26,31.6,0.0,0.0,0.0,28.5,0.0,1.00,8.0,12,986,71.76,55.48,20,6,0,0.0,1.00,1.00,1.00,4.81,4.96,6.65,21.8,1.099,0.611,7.81
11000,139,25,27.4,0.0,15.8,0.9,14.2,0.0,1.00,2.2,22,1401,54.12,24.74,12,12,1,0.0,1.00,1.00,1.00,4.56,5.80,6.08,27.1,0.898,0.427,6.48
11000,39,23,20.1,2.0,2.7,0.0,11.1,0.0,1.97,11.9,14,940,26.34,5.97,15,8,0,0.0,2.50,1.12,2.12,2.96,4.74,4.65,24.0,1.137,0.668,7.65
11000,63,22,80.6,17.7,0.0,0.5,33.9,0.0,2.59,0.2,9,1312,81.88,27.57,6,6,10,0.0,2.42,3.09,2.41,6.91,7.23,7.23,34.2,1.159,0.355,7.27
11000,3,22,23.3,0.0,0.0,5.0,19.0,0.0,1.00,5.7,9,1596,76.16,37.20,16,6,0,0.0,1.00,1.00,1.00,3.82,5.09,5.59,23.3,1.043,0.345,6.77
11000,51,21,21.9,0.0,6.4,0.0,16.4,0.0,1.00,10.4,13,722,53.13,35.46,13,7,1,0.0,1.00,1.00,1.00,3.57,6.38,4.24,25.6,0.927,0.522,7.90
11000,28,15,37.5,0.0,15.9,4.1,16.9,0.0,1.00,3.3,13,405,11.60,25.28,2,11,2,0.0,1.00,1.00,1.00,5.80,6.20,6.53,32.3,1.068,0.506,7.20
11000,154,11,33.1,0.0,10.1,0.0,14.0,0.0,1.00,2.7,5,923,30.29,6.87,0,11,0,0.0,1.00,1.00,1.00,3.55,5.27,5.36,31.3,1.396,0.354,6.00
11000,90,10,12.1,2.7,2.6,1.3,4.7,0.0,1.58,13.0,6,1974,23.01,4.30,8,2,0,0.9,1.20,2.67,1.21,3.10,3.70,3.90,20.8,0.902,0.381,7.00
11000,147,10,29.8,0.0,0.0,14.3,24.6,0.0,1.00,3.0,4,1373,36.70,31.63,10,0,0,0.0,1.00,1.00,1.00,5.30,6.70,7.80,14.5,0.940,0.440,8.00
11000,123,10,20.1,0.6,1.2,2.0,18.9,0.0,1.04,6.0,7,849,28.06,8.35,0,9,1,0.0,1.00,1.00,1.08,5.00,6.70,5.70,35.3,0.890,0.403,7.50
11000,93,7,43.5,0.6,14.0,0.0,23.4,0.3,1.05,0.0,6,1512,99.85,61.15,7,0,0,0.3,1.05,1.05,1.05,6.29,7.00,7.00,14.2,1.137,0.539,7.00
11000,153,6,37.5,1.5,8.5,2.0,22.2,1.5,1.17,4.3,5,1533,60.54,10.26,1,5,0,1.5,1.22,1.05,1.21,5.67,6.67,6.17,30.5,1.159,0.428,7.50
11000,46,6,14.7,0.0,3.3,4.7,7.8,0.0,1.00,9.0,4,2241,24.11,15.83,0,6,0,0.0,1.00,1.00,1.00,4.67,3.83,7.17,33.2,1.112,0.558,7.17
11000,156,6,21.5,4.2,0.0,0.0,13.7,0.0,2.56,10.0,5,578,29.76,6.39,4,1,1,0.0,2.48,2.48,2.68,4.33,5.00,4.00,26.9,0.971,0.442,7.00
11000,115,5,38.8,0.0,0.0,28.2,20.8,0.0,1.00,0.0,2,1831,136.83,85.84,5,0,0,0.0,1.00,1.00,1.00,4.80,7.00,7.00,22.4,1.112,0.471,7.00
12000,64,262,31.4,1.9,0.6,15.1,23.2,0.0,1.36,0.4,118,1018,44.53,9.71,64,93,105,0.1,1.64,1.07,1.36,6.27,6.51,6.42,34.4,0.886,0.374,6.55
12000,1,248,36.9,3.5,4.7,5.5,21.7,0.0,1.74,3.7,136,1542,58.90,19.74,156,70,22,0.0,1.26,2.37,1.68,5.45,6.46,6.84,24.2,1.043,0.543,7.29
12000,30,144,22.6,3.6,2.7,0.0,18.7,0.1,1.86,3.7,92,792,30.67,8.22,51,50,43,0.1,1.41,2.20,1.91,4.92,5.33,6.43,30.4,0.795,0.489,6.75
12000,4,86,20.6,1.4,0.6,4.7,16.0,0.0,1.39,11.2,52,1100,54.13,11.29,80,5,1,0.1,1.33,1.43,1.40,3.92,5.07,5.67,8.7,0.947,0.459,8.17
12000,36,65,19.3,0.0,1.4,0.0,16.6,0.0,1.00,8.8,27,464,20.77,5.75,54,10,1,0.0,1.00,1.00,1.00,3.51,5.68,4.02,12.8,1.070,0.404,7.05
12000,6,51,46.2,3.6,4.3,18.1,21.4,0.2,1.89,0.5,38,1328,70.52,15.00,23,20,8,0.3,2.32,1.37,1.94,5.71,6.86,7.10,26.7,1.103,0.346,7.10
12000,10,40,25.8,2.0,1.5,0.9,16.2,0.0,1.49,1.2,23,1587,93.83,77.36,11,29,0,0.3,1.08,1.92,1.49,3.33,4.57,4.95,27.8,1.159,0.417,4.95
12000,21,32,15.3,0.6,0.0,6.9,8.7,0.0,1.06,3.5,16,1685,41.13,5.18,25,7,0,0.0,1.02,1.05,1.09,4.16,5.09,5.44,24.1,1.162,0.499,6.03
12000,26,26,6.8,0.0,0.0,0.3,6.5,0.0,1.08,20.1,12,886,27.83,5.47,23,3,0,0.0,1.08,1.08,1.08,2.23,3.62,3.15,20.1,1.001,0.619,8.23
12000,163,25,6.5,0.0,0.0,0.2,7.5,0.0,1.00,11.9,10,304,10.89,2.13,25,0,0,0.0,1.00,1.00,1.00,2.52,3.00,5.40,22.2,0.854,0.433,7.00
12000,133,24,20.4,0.0,3.9,1.0,14.8,0.0,1.00,4.8,13,856,28.47,15.16,17,7,0,0.0,1.00,1.00,1.00,3.71,5.12,5.75,23.8,1.069,0.471,6.62
12000,59,22,18.6,0.0,1.0,1.3,17.9,0.0,1.00,6.7,15,1244,86.06,36.20,20,2,0,0.0,1.00,1.00,1.00,4.00,4.86,4.86,20.7,0.940,0.538,6.55
12000,63,22,66.7,9.7,0.0,3.5,36.5,0.0,1.50,0.0,6,461,41.72,19.56,10,7,5,0.0,1.62,1.68,1.34,6.00,7.05,7.05,28.6,1.161,0.374,7.05
12000,8,19,33.6,0.0,0.0,0.7,28.7,0.0,1.00,7.2,11,671,51.33,23.58,5,14,0,0.0,1.00,1.00,1.00,5.16,5.00,7.00,26.6,1.144,0.608,7.79
12000,139,18,25.5,0.0,16.1,0.1,12.4,0.0,1.00,2.9,15,1598,41.64,21.34,8,9,1,0.0,1.00,1.00,1.00,4.67,5.50,5.94,27.7,0.890,0.415,6.44
12000,119,18,12.0,0.0,0.0,4.4,12.2,0.0,1.00,9.6,7,1005,53.10,16.05,3,15,0,0.0,1.00,1.00,1.00,3.72,6.06,3.72,27.7,0.834,0.475,7.28
12000,140,17,19.4,0.6,0.0,1.9,11.4,0.0,1.07,8.1,12,1103,23.94,7.55,17,0,0,0.0,1.00,1.08,1.11,3.24,3.76,4.41,15.7,1.466,0.408,6.12
12000,51,14,27.9,0.0,10.5,0.0,18.0,0.0,1.00,7.9,10,1312,19.08,24.40,10,3,1,0.0,1.00,1.00,1.00,4.00,7.00,4.93,23.5,0.953,0.510,7.93
12000,39,10,24.9,4.0,0.0,0.0,12.2,0.0,2.46,9.4,4,1476,36.84,2.58,7,3,0,0.0,3.40,1.00,2.70,2.80,4.40,4.90,24.7,1.219,0.593,7.00
12000,3,8,33.7,0.0,0.0,6.5,25.8,0.0,1.00,2.5,2,1828,57.79,15.56,4,4,0,0.0,1.00,1.00,1.00,5.12,5.75,7.00,25.8,1.158,0.331,7.00
12000,147,8,27.0,0.0,0.0,13.5,22.0,0.0,1.00,4.8,3,2068,55.97,24.51,8,0,0,0.0,1.00,1.00,1.00,5.38,6.00,7.75,14.6,0.940,0.440,8.00
12000,156,6,22.1,4.2,0.0,0.0,14.3,0.0,2.56,9.7,4,1234,46.22,7.34,3,2,1,0.0,2.48,2.48,2.68,4.33,5.00,4.17,28.7,0.971,0.443,7.00
12000,28,6,46.1,0.0,22.5,0.0,19.0,0.0,1.00,1.0,5,1187,15.40,37.71,1,5,0,0.0,1.00,1.00,1.00,7.67,7.00,6.83,30.8,1.123,0.528,7.17
13000,64,162,30.5,1.5,0.8,15.7,22.5,0.1,1.24,0.4,84,1286,37.47,7.86,39,62,61,0.1,1.45,1.06,1.23,6.25,6.49,6.43,33.6,0.884,0.395,6.55
13000,30,117,21.9,3.8,2.6,0.0,17.8,0.2,2.08,3.6,73,1268,34.15,8.81,52,34,31,0.2,1.92,2.28,2.07,4.80,5.30,6.58,30.4,0.787,0.480,6.80
13000,4,97,18.2,1.1,0.6,5.3,13.6,0.0,1.37,12.2,58,956,36.69,9.58,92,4,1,0.1,1.28,1.37,1.55,3.72,4.64,5.48,9.1,0.957,0.465,8.11
13000,1,66,44.6,8.8,5.3,7.8,15.9,0.0,2.88,0.3,41,1602,36.84,8.01,35,27,4,0.0,1.43,4.80,2.64,5.50,6.27,6.33,25.8,1.055,0.590,6.38
13000,6,44,49.7,3.5,7.5,18.8,19.9,0.2,1.86,0.4,35,1505,69.40,18.89,29,11,4,0.3,2.33,1.31,1.91,5.82,7.16,7.20,21.8,1.145,0.344,7.27
13000,21,31,16.8,0.5,0.0,7.7,9.9,0.0,1.04,2.6,12,628,10.31,2.43,26,5,0,0.0,1.02,1.00,1.06,3.65,5.06,5.68,24.3,1.146,0.494,6.00
13000,167,24,52.5,10.7,4.1,2.9,22.0,0.5,2.79,0.1,20,1019,44.62,23.48,20,4,0,0.6,3.62,1.91,2.82,4.79,6.42,6.38,20.7,1.066,0.564,6.42
13000,26,20,9.0,0.0,0.1,0.4,8.6,0.0,1.00,19.4,12,1018,26.70,3.23,20,0,0,0.0,1.00,1.00,1.00,2.95,5.95,3.30,14.5,1.032,0.605,8.85
13000,10,15,33.0,4.4,2.4,0.7,16.8,0.3,1.79,0.0,10,956,25.59,28.32,0,15,0,0.5,2.33,1.75,1.54,4.00,5.13,5.13,31.6,1.162,0.440,5.13
13000,36,14,27.0,0.0,1.2,0.0,24.0,0.0,1.00,6.3,8,1238,55.10,39.20,12,2,0,0.0,1.00,1.00,1.00,4.43,6.00,5.00,7.5,1.073,0.422,7.07
13000,51,14,26.2,0.0,14.2,0.0,12.8,0.0,1.00,7.7,10,1505,47.86,21.08,12,1,1,0.0,1.00,1.00,1.00,3.93,7.29,4.71,20.6,0.954,0.496,7.93
13000,140,14,15.6,0.3,0.0,2.9,8.7,0.0,1.04,8.6,8,951,29.97,1.58,14,0,0,0.0,1.00,1.05,1.07,3.14,3.79,3.79,15.7,1.444,0.338,5.93
13000,139,13,27.5,0.0,14.8,1.5,12.5,0.0,1.00,3.8,12,1806,46.01,9.84,6,6,1,0.0,1.00,1.00,1.00,3.92,5.23,5.62,28.6,0.948,0.453,6.38
13000,119,13,12.4,0.0,0.0,5.4,12.1,0.0,1.00,8.8,4,1850,58.37,14.59,2,11,0,0.0,1.00,1.00,1.00,3.69,6.23,3.85,27.4,0.838,0.486,7.23
13000,63,12,70.8,11.9,0.0,0.0,37.1,0.0,1.00,0.0,2,1404,95.10,34.07,5,4,3,0.0,1.00,1.00,1.00,6.00,7.00,7.00,28.9,1.162,0.364,7.00
13000,156,11,19.3,0.4,0.0,0.0,19.1,0.0,1.10,9.1,4,1104,41.28,4.17,1,6,4,0.0,1.15,1.00,1.12,3.64,5.73,4.27,32.2,0.972,0.443,7.09
13000,8,10,36.0,0.0,0.0,1.4,31.4,0.0,1.00,6.2,6,1686,61.14,21.47,0,10,0,0.0,1.00,1.00,1.00,5.10,5.20,7.30,29.4,1.106,0.595,7.80
13000,59,7,20.6,0.0,0.7,2.0,20.4,0.0,1.00,2.9,5,1359,71.06,19.17,5,1,1,0.0,1.00,1.00,1.00,4.57,5.43,5.71,23.2,0.932,0.535,6.29
13000,133,6,18.9,0.0,3.3,0.0,14.3,0.0,1.00,2.3,5,2072,77.78,42.63,6,0,0,0.0,1.00,1.00,1.00,3.17,5.83,5.00,23.0,1.064,0.493,6.00
13000,28,5,42.4,0.0,18.4,0.0,19.8,0.0,1.00,2.0,5,2182,19.92,48.20,1,4,0,0.0,1.00,1.00,1.00,6.80,6.60,6.80,29.9,1.126,0.528,7.20
14000,64,145,31.9,2.6,0.8,16.9,21.3,0.1,1.41,0.2,76,1409,33.46,4.18,61,38,46,0.2,1.83,1.04,1.39,6.39,6.56,6.52,30.0,0.890,0.388,6.58
14000,30,62,22.4,4.5,1.8,0.0,17.6,0.3,2.23,4.0,46,1782,43.31,4.17,27,19,16,0.3,2.06,2.51,2.17,4.76,5.32,6.56,30.4,0.785,0.467,6.84
14000,4,43,22.2,0.5,0.3,6.5,18.5,0.0,1.15,10.2,28,1203,44.19,7.66,42,1,0,0.1,1.15,1.19,1.13,4.40,5.16,6.14,9.3,0.956,0.436,8.21
14000,172,37,28.3,1.6,3.9,0.4,19.5,0.0,1.20,5.2,12,670,34.58,8.86,30,6,1,0.2,1.00,1.58,1.12,4.86,5.76,7.46,17.4,1.035,0.376,7.84
14000,6,29,52.0,1.4,11.4,19.1,21.1,0.0,1.24,0.3,26,1647,56.39,8.74,19,8,2,0.1,1.41,1.00,1.28,6.31,7.41,7.38,20.1,1.171,0.354,7.48
14000,1,24,34.7,0.0,5.1,21.2,17.5,0.0,1.00,0.2,13,1147,47.43,5.57,21,3,0,0.0,1.00,1.00,1.00,6.79,6.83,6.92,13.0,1.048,0.523,6.92
14000,167,19,53.0,11.2,3.7,3.2,21.2,0.4,2.96,0.3,17,1877,58.43,12.41,17,2,0,0.5,4.00,1.90,2.99,4.95,6.32,6.37,20.6,1.073,0.567,6.42
14000,21,14,15.6,0.0,0.0,7.9,9.6,0.0,1.00,1.6,3,1225,28.57,3.94,13,1,0,0.0,1.00,1.00,1.00,3.86,5.21,6.00,24.6,1.145,0.491,6.00
14000,140,11,16.3,0.4,0.0,3.2,8.9,0.0,1.05,8.2,6,1920,49.99,1.47,11,0,0,0.0,1.00,1.06,1.09,3.36,3.82,3.91,15.2,1.444,0.339,5.91
14000,63,11,86.8,23.7,0.0,0.0,28.0,0.0,6.21,0.0,4,1666,60.94,20.94,6,2,3,0.0,6.75,5.96,6.07,6.36,7.18,7.18,24.4,1.156,0.379,7.18
14000,26,11,16.4,2.5,0.2,0.7,10.0,0.0,1.63,15.1,6,826,8.58,2.65,11,0,0,0.0,1.05,2.29,1.62,3.45,7.36,3.82,15.5,1.050,0.612,8.64
14000,51,10,28.7,0.0,13.3,0.0,16.2,0.0,1.00,6.2,7,1768,76.57,28.89,10,0,0,0.0,1.00,1.00,1.00,4.10,7.60,4.90,17.2,0.964,0.491,7.80
14000,156,9,30.0,5.9,0.0,0.0,19.8,0.0,2.64,7.3,5,712,22.68,0.90,4,3,2,0.0,2.69,2.06,2.91,4.22,6.44,5.11,27.6,0.965,0.453,7.33
14000,10,7,36.3,6.1,2.7,0.3,15.7,0.3,2.17,0.0,6,1731,22.29,49.53,0,7,0,0.7,2.43,2.47,1.90,4.00,5.14,5.14,30.1,1.178,0.431,5.14
14000,139,7,40.9,0.0,23.7,2.9,18.1,0.0,1.00,0.0,4,1030,14.92,2.27,3,4,0,0.0,1.00,1.00,1.00,4.57,6.71,6.71,28.8,0.950,0.451,6.71
14000,119,5,11.0,0.0,0.0,9.6,9.0,0.0,1.00,9.2,3,1136,28.71,4.09,0,5,0,0.0,1.00,1.00,1.00,4.20,7.60,3.40,28.7,0.801,0.487,7.80
15000,64,178,31.5,2.8,0.7,13.8,22.1,0.1,1.58,0.7,98,773,27.03,4.41,147,25,6,0.1,1.99,1.26,1.55,5.88,6.46,6.31,20.5,0.882,0.371,6.56
15000,4,52,14.7,0.9,0.0,3.2,13.5,0.0,1.33,14.7,28,768,22.34,11.56,51,1,0,0.0,1.25,1.37,1.36,3.27,4.46,4.60,6.4,0.862,0.456,8.19
15000,172,41,25.6,2.2,4.3,0.7,15.5,0.0,1.34,7.8,13,916,47.18,8.70,31,9,1,0.3,1.00,1.78,1.29,4.56,5.29,6.54,19.7,1.024,0.367,7.85
15000,140,34,26.3,0.5,0.6,4.9,14.2,0.0,1.00,3.5,10,722,26.94,1.91,34,0,0,0.0,1.00,1.00,1.00,3.79,5.00,5.24,14.6,1.452,0.322,6.00
15000,1,24,36.1,0.0,6.5,19.9,17.3,0.0,1.00,0.1,11,1615,73.97,12.41,17,7,0,0.0,1.00,1.00,1.00,6.38,6.71,6.75,12.7,1.067,0.515,6.75
15000,30,22,22.5,5.7,0.9,0.0,18.3,0.5,2.13,5.7,13,1835,60.90,6.61,18,4,0,0.5,1.80,2.68,1.99,4.77,4.73,7.09,23.2,0.743,0.482,7.32
15000,6,18,50.1,0.6,16.5,15.1,19.1,0.0,1.02,1.0,14,1893,44.83,10.20,12,6,0,0.2,1.03,1.00,1.02,6.67,7.33,7.28,19.4,1.159,0.348,7.56
15000,21,12,14.9,0.0,0.0,8.0,9.1,0.0,1.00,1.7,3,2151,35.54,4.56,12,0,0,0.0,1.00,1.00,1.00,3.92,5.17,6.00,24.8,1.139,0.487,6.00
15000,26,11,18.6,2.5,0.2,0.7,12.1,0.0,1.63,13.3,6,1481,17.67,2.68,11,0,0,0.0,1.05,2.29,1.62,3.64,7.64,4.45,15.8,1.054,0.617,8.73
15000,167,6,48.5,10.7,3.3,1.3,19.5,0.3,3.27,1.0,6,2785,83.06,20.59,6,0,0,0.3,3.81,3.38,2.98,4.33,6.00,6.17,20.8,1.065,0.551,6.33
15000,139,6,40.5,0.0,21.7,3.3,19.0,0.0,1.00,0.0,4,2096,28.65,1.66,2,4,0,0.0,1.00,1.00,1.00,4.67,6.67,6.67,29.1,0.961,0.461,6.67
15000,51,5,31.3,0.0,16.2,0.0,15.0,0.0,1.00,5.6,4,2273,50.00,17.95,5,0,0,0.0,1.00,1.00,1.00,4.80,7.60,5.20,16.0,0.991,0.478,7.80
15000,156,5,38.0,10.4,0.0,0.0,19.4,0.0,3.91,4.8,2,1046,31.42,0.80,3,2,0,0.0,3.97,2.90,4.37,4.40,7.20,5.60,24.7,0.967,0.462,7.20
16000,64,247,30.5,1.7,0.5,16.5,22.1,0.1,1.32,0.2,103,689,28.23,3.26,215,24,8,0.1,1.60,1.06,1.32,6.08,6.48,6.43,20.0,0.883,0.402,6.51
16000,180,44,20.2,1.3,0.0,0.3,17.7,0.0,1.28,3.8,23,1092,49.02,12.91,37,3,4,0.0,1.47,1.18,1.24,3.45,4.73,4.43,17.2,0.986,0.539,5.52
16000,172,44,19.5,0.1,2.0,1.3,16.2,0.0,1.01,6.8,10,651,35.77,5.23,30,11,3,0.1,1.00,1.02,1.01,4.66,5.32,7.07,23.8,1.018,0.365,7.89
16000,1,34,35.3,0.0,4.5,22.6,17.5,0.0,1.00,0.1,20,1194,64.07,15.76,33,1,0,0.0,1.00,1.00,1.00,6.00,6.85,6.82,8.0,1.060,0.533,6.85
16000,140,31,27.1,0.8,0.6,5.5,14.4,0.0,1.01,3.4,12,1206,33.39,8.66,31,0,0,0.0,1.05,1.00,1.00,4.00,5.03,5.26,14.0,1.424,0.325,6.00
16000,4,25,18.8,2.0,0.0,6.0,14.4,0.0,1.75,11.0,14,841,30.62,12.72,25,0,0,0.0,1.57,1.82,1.80,3.88,5.12,5.60,5.9,0.905,0.417,8.12
16000,26,17,13.4,1.6,0.0,0.8,9.0,0.0,1.41,18.0,9,948,12.88,1.82,17,0,0,0.0,1.03,1.83,1.40,3.24,6.06,3.41,13.8,1.038,0.592,8.88
16000,30,16,13.7,0.0,0.0,0.2,17.2,0.0,1.00,2.5,5,632,20.93,0.44,12,2,2,0.0,1.00,1.00,1.00,4.31,5.19,5.81,29.7,0.778,0.503,6.12
16000,6,10,48.1,1.1,15.1,16.5,16.9,0.0,1.12,0.4,6,1871,24.14,5.53,6,4,0,0.0,1.19,1.00,1.14,6.30,7.40,7.60,22.3,1.150,0.353,7.60
16000,156,5,38.0,10.4,0.0,0.0,19.4,0.0,3.91,4.8,2,2046,55.12,0.80,3,2,0,0.0,3.97,2.90,4.37,4.80,7.20,5.60,24.9,0.967,0.462,7.20
17000,64,386,30.2,1.0,0.8,16.6,23.4,0.0,1.18,0.3,164,699,35.36,3.76,268,83,35,0.0,1.31,1.07,1.17,6.26,6.54,6.53,22.7,0.878,0.419,6.60
17000,172,67,20.6,0.5,1.8,1.1,16.8,0.0,1.09,7.1,20,689,31.31,2.76,44,17,6,0.0,1.06,1.19,1.07,4.42,5.40,6.85,23.6,1.021,0.368,7.88
17000,30,62,11.7,0.1,0.0,0.3,14.7,0.0,1.04,3.2,18,484,24.69,2.30,28,21,13,0.0,1.00,1.05,1.06,4.19,4.60,5.81,28.4,0.776,0.485,6.00
17000,180,44,19.8,0.8,0.2,0.3,18.2,0.0,1.11,4.5,27,965,41.44,6.46,44,0,0,0.0,1.17,1.08,1.09,3.73,4.80,4.39,12.1,0.973,0.556,5.70
17000,140,44,27.6,0.4,1.8,4.4,15.0,0.0,1.01,4.0,18,1000,39.56,10.39,42,2,0,0.0,1.04,1.00,1.00,4.05,4.89,5.27,17.2,1.411,0.331,6.07
17000,1,30,36.1,0.0,6.9,21.1,16.4,0.0,1.00,0.5,17,1220,55.98,21.74,22,4,4,0.0,1.00,1.00,1.00,6.43,6.73,6.90,13.6,1.061,0.537,6.93
17000,4,26,15.5,0.0,0.0,6.2,13.2,0.0,1.00,12.4,13,1049,45.71,21.91,26,0,0,0.0,1.00,1.01,1.00,3.69,4.69,5.35,5.4,0.942,0.419,8.12
17000,187,20,26.7,0.0,0.0,6.7,20.0,0.0,1.00,7.4,4,1460,34.89,13.09,20,0,0,0.0,1.00,1.00,1.00,4.30,5.30,7.50,15.7,1.132,0.469,8.25
18000,64,505,30.8,0.6,0.8,16.3,25.3,0.0,1.08,0.3,209,737,41.04,4.46,276,163,66,0.0,1.13,1.06,1.07,6.31,6.65,6.60,25.7,0.869,0.423,6.70
18000,30,361,13.9,0.5,0.1,0.1,16.3,0.0,1.11,2.7,103,415,23.84,2.23,137,108,116,0.0,1.08,1.12,1.13,4.24,4.94,5.86,31.1,0.794,0.478,6.06
18000,172,101,23.3,1.4,3.4,1.1,17.0,0.0,1.21,6.9,29,748,38.19,4.22,48,42,11,0.3,1.07,1.42,1.18,4.74,5.61,6.90,26.0,0.996,0.369,7.96
18000,180,66,21.3,0.9,1.5,0.9,17.5,0.0,1.17,4.0,35,669,38.99,8.21,56,6,4,0.0,1.22,1.13,1.16,3.79,4.85,4.74,16.1,0.989,0.545,5.79
18000,4,37,13.5,0.7,0.0,4.6,10.4,0.0,1.24,13.7,15,1099,67.52,24.41,37,0,0,0.0,1.22,1.26,1.23,3.43,3.95,4.76,4.1,0.973,0.412,7.78
18000,140,28,31.1,0.3,1.4,5.2,17.5,0.0,1.00,2.4,12,1292,64.79,22.65,24,2,2,0.0,1.00,1.00,1.00,4.79,5.25,5.61,20.1,1.419,0.330,6.04
18000,1,27,37.3,0.0,8.3,19.7,16.9,0.0,1.00,0.4,16,1955,60.85,26.42,19,4,4,0.0,1.00,1.00,1.00,6.85,6.96,6.78,14.8,1.061,0.537,6.96
18000,187,20,21.2,0.0,0.0,5.7,15.6,0.0,1.00,11.3,5,1458,62.93,24.95,20,0,0,0.0,1.00,1.00,1.00,3.40,4.55,6.00,16.4,1.163,0.480,8.10
18000,6,12,53.5,0.0,21.1,16.8,13.5,0.0,1.00,0.0,5,515,42.87,21.90,11,1,0,0.0,1.00,1.00,1.00,7.42,7.25,7.25,19.5,1.242,0.337,7.25
19000,30,802,12.4,0.3,0.0,0.3,14.9,0.0,1.09,3.4,233,660,37.06,4.32,291,277,234,0.0,1.04,1.12,1.11,4.00,4.71,5.72,31.5,0.785,0.482,6.05
19000,64,412,30.1,0.6,1.2,16.2,24.0,0.0,1.07,0.4,188,1090,64.94,13.01,226,168,18,0.0,1.10,1.06,1.06,6.09,6.61,6.56,24.2,0.873,0.428,6.68
19000,172,150,18.7,1.0,1.5,0.8,15.4,0.0,1.16,10.4,51,612,36.78,9.60,75,58,17,0.1,1.06,1.34,1.12,4.17,4.86,5.84,26.6,0.977,0.377,7.91
19000,180,86,15.5,0.4,1.8,1.4,12.3,0.0,1.09,7.1,47,640,42.27,16.26,67,17,2,0.0,1.10,1.07,1.11,3.29,4.37,4.22,17.8,0.993,0.550,6.02
19000,1,68,41.1,0.0,16.0,8.3,15.0,0.0,1.01,0.2,34,811,37.49,15.43,27,30,11,0.0,1.00,1.01,1.01,5.54,6.41,6.44,26.3,1.169,0.500,6.49
19000,4,62,8.4,0.4,0.0,1.3,6.8,0.0,1.15,17.7,29,640,32.96,12.52,62,0,0,0.0,1.14,1.16,1.15,2.47,2.56,3.79,4.1,1.036,0.410,7.61
19000,187,44,11.1,0.0,0.0,2.5,8.2,0.0,1.02,18.6,4,440,28.42,11.48,44,0,0,0.0,1.02,1.02,1.02,2.16,3.07,3.70,15.1,1.199,0.490,8.00
19000,140,24,28.5,0.1,1.5,4.5,16.1,0.0,1.00,3.8,13,1701,92.57,28.72,23,0,1,0.0,1.00,1.00,1.00,4.21,4.92,5.33,20.5,1.424,0.328,6.08
19000,6,22,51.7,0.7,20.1,16.2,11.5,0.0,1.11,1.4,12,763,53.68,25.68,17,4,1,0.2,1.00,1.20,1.12,7.18,6.73,7.23,20.6,1.250,0.336,7.32
20000,30,1234,12.3,0.6,0.1,0.1,14.2,0.0,1.18,4.7,392,804,44.45,8.49,526,374,334,0.0,1.09,1.24,1.21,3.79,4.48,5.48,30.4,0.790,0.485,6.10
20000,64,337,28.7,1.0,1.0,14.8,21.9,0.0,1.17,1.6,178,1368,92.99,25.93,197,132,8,0.0,1.23,1.12,1.17,5.83,6.28,6.38,23.4,0.889,0.443,6.72
20000,172,132,29.1,1.3,4.8,3.0,20.2,0.0,1.22,6.5,44,826,60.15,24.13,53,72,7,0.4,1.09,1.33,1.24,5.32,5.86,7.18,26.1,1.010,0.385,8.12
20000,1,70,42.8,0.5,16.7,6.5,14.7,0.0,1.09,0.1,33,1140,62.91,25.19,21,35,14,0.1,1.00,1.20,1.08,5.43,6.26,6.30,28.6,1.203,0.499,6.31
20000,180,51,15.0,0.2,0.7,1.9,13.5,0.0,1.03,4.3,34,1189,72.43,30.17,25,23,3,0.0,1.03,1.03,1.02,3.29,4.31,4.16,22.9,0.973,0.551,5.27
20000,6,33,46.7,0.5,15.5,15.7,12.5,0.0,1.07,0.8,24,866,56.23,42.69,22,9,2,0.1,1.00,1.14,1.08,6.24,6.85,6.97,23.9,1.261,0.318,7.12
20000,140,31,19.9,0.2,0.0,3.9,11.8,0.0,1.03,6.8,14,876,61.95,16.19,31,0,0,0.0,1.05,1.00,1.04,3.45,3.77,4.52,19.9,1.379,0.335,5.84
20000,4,28,9.0,0.0,0.0,1.9,8.0,0.0,1.00,16.2,12,719,25.32,7.46,28,0,0,0.0,1.00,1.00,1.00,2.54,2.86,4.04,2.9,1.026,0.412,7.50
20000,187,25,26.4,1.4,0.0,8.2,16.2,0.0,1.66,8.8,5,975,60.89,21.37,24,1,0,0.0,1.56,1.56,1.80,4.04,5.08,6.52,17.6,1.162,0.483,7.96
20000,202,14,23.3,5.4,1.1,0.0,18.1,0.0,2.48,4.7,10,1173,57.66,7.00,2,8,4,0.6,2.60,2.60,2.37,5.14,5.29,7.36,32.3,0.761,0.527,7.50
21000,30,1512,11.4,0.5,0.1,0.2,13.3,0.0,1.14,5.7,497,790,43.91,13.37,623,468,421,0.0,1.06,1.19,1.16,3.61,4.24,5.27,30.4,0.794,0.479,6.15
21000,64,165,32.3,0.4,1.5,16.3,24.7,0.0,1.05,1.3,87,1164,83.79,31.77,94,68,3,0.0,1.06,1.02,1.06,5.75,6.54,6.69,25.1,0.923,0.466,6.93
21000,172,138,28.8,1.6,7.4,2.9,17.3,0.0,1.30,7.0,60,1002,68.59,33.94,38,90,10,0.7,1.11,1.39,1.36,5.32,5.94,6.83,28.0,1.005,0.381,8.04
21000,1,113,39.5,0.8,14.6,6.8,13.5,0.0,1.14,0.5,69,1027,63.34,30.38,39,51,23,0.3,1.00,1.29,1.14,5.20,6.20,6.22,28.1,1.197,0.504,6.32
21000,180,62,11.3,0.1,0.5,1.1,10.3,0.0,1.18,7.7,38,734,50.21,18.99,32,29,1,0.0,1.16,1.18,1.21,2.85,3.68,3.56,25.0,0.988,0.564,5.53
21000,6,45,45.0,1.0,15.3,12.0,13.2,0.0,1.11,1.7,34,840,57.74,60.04,28,14,3,0.1,1.08,1.15,1.10,6.02,6.69,6.64,26.3,1.236,0.323,7.09
21000,140,40,12.4,0.2,0.0,2.7,7.2,0.0,1.03,10.1,15,1062,58.19,19.63,40,0,0,0.0,1.04,1.00,1.04,2.60,2.67,3.65,20.5,1.342,0.348,5.68
21000,187,38,15.8,0.0,0.0,5.1,11.1,0.0,1.00,15.1,7,776,72.12,29.51,38,0,0,0.0,1.00,1.00,1.00,3.03,3.84,4.68,17.8,1.185,0.486,8.00
21000,202,11,21.6,6.2,1.5,0.0,15.9,0.0,3.05,6.4,8,1104,60.29,10.65,3,6,2,0.0,3.53,3.37,2.77,4.27,5.55,7.55,30.8,0.708,0.493,8.00
22000,30,1831,10.7,0.4,0.1,0.1,12.4,0.0,1.13,6.5,571,765,42.12,14.63,752,634,445,0.0,1.06,1.18,1.15,3.42,4.10,5.00,29.8,0.796,0.473,6.15
22000,64,244,32.0,0.6,0.8,14.0,25.4,0.0,1.12,2.3,91,829,73.78,37.13,146,97,1,0.0,1.13,1.10,1.13,5.50,6.34,6.48,24.6,0.926,0.466,6.98
22000,172,136,26.4,1.0,7.0,3.7,15.8,0.0,1.19,8.1,50,1038,69.21,33.70,36,92,8,0.5,1.07,1.22,1.24,4.76,5.46,6.56,28.4,1.002,0.374,7.91
22000,1,94,41.4,0.9,16.4,3.9,13.4,0.0,1.19,0.8,65,824,37.98,25.17,21,38,35,0.2,1.00,1.41,1.18,5.04,6.24,6.13,33.6,1.230,0.506,6.32
22000,180,91,9.6,0.1,1.3,0.7,7.4,0.0,1.08,10.9,61,685,38.77,22.25,57,24,10,0.1,1.06,1.08,1.08,2.44,3.40,3.25,21.7,1.035,0.545,6.03
22000,6,68,44.9,0.9,15.2,13.3,12.1,0.1,1.19,2.6,53,942,68.50,46.73,41,16,11,0.2,1.27,1.08,1.21,5.66,6.50,6.66,28.3,1.241,0.331,7.19
22000,140,37,7.8,0.0,0.0,1.7,4.8,0.0,1.00,11.7,11,1166,58.74,20.34,37,0,0,0.0,1.00,1.00,1.00,2.11,2.14,2.97,21.3,1.316,0.352,5.49
22000,187,14,27.6,0.0,0.0,11.1,18.6,0.0,1.00,6.3,7,2095,205.91,80.14,14,0,0,0.0,1.00,1.00,1.00,4.64,5.86,7.14,18.1,1.151,0.478,8.00
23000,30,2083,10.0,0.5,0.1,0.2,11.5,0.0,1.16,7.9,774,701,38.35,14.20,1037,585,461,0.0,1.10,1.21,1.18,3.29,3.94,4.73,28.7,0.798,0.467,6.24
23000,1,236,39.0,0.6,17.7,3.2,11.6,0.1,1.13,0.6,152,728,35.13,30.76,38,75,123,0.2,1.15,1.10,1.14,5.08,6.00,6.07,38.9,1.211,0.548,6.17
23000,64,198,29.4,0.8,0.8,13.5,22.9,0.0,1.16,3.0,87,1307,127.64,60.38,121,75,2,0.0,1.15,1.17,1.17,5.13,6.15,6.22,24.5,0.916,0.471,6.94
23000,172,122,26.0,1.7,4.9,2.7,16.3,0.0,1.34,7.6,60,998,61.32,21.94,56,63,3,0.4,1.14,1.50,1.37,4.87,5.52,6.61,23.4,1.034,0.382,7.80
23000,6,64,43.8,1.0,14.3,12.6,12.5,0.1,1.20,1.6,52,1251,87.65,47.17,33,20,11,0.2,1.29,1.07,1.22,6.05,6.55,6.83,29.2,1.243,0.329,7.05
23000,180,47,8.3,0.1,1.7,0.3,5.5,0.0,1.10,10.2,28,859,27.99,26.27,31,14,2,0.0,1.10,1.10,1.10,1.89,2.87,3.00,24.2,1.072,0.536,5.47
23000,140,30,5.1,0.0,0.0,1.6,3.1,0.0,1.00,13.8,9,962,31.41,8.48,30,0,0,0.0,1.00,1.00,1.00,1.90,2.10,2.77,20.4,1.281,0.354,5.80
23000,187,8,25.7,0.0,0.0,6.1,19.4,0.0,1.00,6.0,3,1450,58.28,23.31,8,0,0,0.0,1.00,1.00,1.00,4.75,6.00,7.62,15.8,1.147,0.481,8.00
23000,202,5,4.6,0.0,0.0,0.0,6.4,0.0,1.00,19.2,5,870,24.83,9.23,3,2,0,0.0,1.00,1.00,1.00,2.00,2.80,3.80,25.1,0.714,0.468,8.00
24000,30,2167,10.2,0.5,0.2,0.3,11.6,0.0,1.17,7.8,818,731,41.21,16.11,1069,618,480,0.0,1.10,1.22,1.19,3.31,3.89,4.85,28.5,0.792,0.460,6.25
24000,1,297,38.5,0.5,17.5,1.9,11.4,0.1,1.12,1.0,191,599,18.00,23.11,19,84,194,0.2,1.11,1.12,1.13,5.05,5.91,5.87,41.9,1.247,0.564,6.13
24000,64,186,28.2,1.1,0.7,12.5,21.4,0.0,1.24,3.6,93,1321,125.21,61.98,118,66,2,0.0,1.21,1.29,1.23,5.04,5.99,6.08,24.6,0.923,0.468,6.94
24000,172,162,18.7,0.7,1.7,2.2,13.7,0.0,1.14,9.0,58,768,63.50,26.36,107,53,2,0.1,1.02,1.23,1.15,4.07,4.64,5.63,21.0,1.052,0.382,7.29
24000,6,87,43.3,0.7,15.7,14.1,10.7,0.1,1.15,2.2,78,1116,64.02,60.54,42,35,10,0.2,1.21,1.03,1.17,5.84,6.54,7.02,28.5,1.228,0.357,7.31
24000,180,27,15.5,1.2,8.0,0.0,3.8,0.0,1.56,5.3,16,246,7.38,25.45,4,10,13,0.1,1.47,1.71,1.52,2.44,3.74,3.93,35.0,1.096,0.559,5.11
24000,208,22,24.9,0.1,0.0,21.2,20.5,0.0,1.00,0.5,13,1493,199.03,71.55,15,7,0,0.0,1.00,1.00,1.00,5.82,6.64,6.68,22.8,0.799,0.376,6.77
25000,30,1823,9.9,0.7,0.2,0.4,10.7,0.0,1.21,8.7,743,763,43.10,15.64,956,487,380,0.0,1.14,1.26,1.24,3.18,3.68,4.66,28.3,0.799,0.462,6.27
25000,1,295,39.2,0.4,16.9,2.7,11.8,0.1,1.08,1.1,193,863,32.22,29.85,43,132,120,0.2,1.09,1.10,1.08,4.96,5.95,5.88,37.5,1.273,0.556,6.18
25000,64,162,27.5,0.9,0.9,11.5,21.2,0.0,1.15,4.0,85,1111,117.33,64.18,84,73,5,0.0,1.10,1.23,1.14,5.14,5.87,6.00,25.8,0.922,0.470,6.93
25000,172,138,17.5,0.8,1.3,1.2,13.5,0.0,1.20,10.8,57,958,81.26,34.63,88,41,9,0.1,1.10,1.26,1.24,3.99,4.51,5.49,22.1,1.056,0.381,7.46
25000,180,120,18.7,1.1,10.0,0.0,3.8,0.0,1.42,4.3,74,728,12.71,18.44,46,22,52,0.3,1.53,1.63,1.31,2.91,3.96,4.35,32.1,1.160,0.579,5.22
25000,6,77,41.5,0.4,15.8,13.6,10.2,0.0,1.08,2.2,66,1507,97.27,54.57,35,33,9,0.1,1.12,1.03,1.08,5.86,6.44,6.82,28.7,1.223,0.354,7.17
25000,210,35,3.0,0.0,0.0,0.0,3.5,0.0,1.00,18.2,8,896,29.57,10.00,25,10,0,0.0,1.00,1.00,1.00,1.57,1.63,2.46,24.9,0.869,0.482,6.60
25000,211,23,32.1,4.6,4.9,2.0,18.9,1.7,1.96,0.6,19,1184,118.48,67.84,10,7,6,1.7,2.91,1.14,1.90,5.13,6.00,5.87,29.1,0.956,0.500,6.09
25000,208,19,24.4,0.1,0.0,20.8,19.5,0.0,1.00,0.8,11,1128,64.38,57.77,13,6,0,0.0,1.00,1.00,1.00,6.05,6.58,6.58,22.1,0.821,0.378,6.79
26000,30,1716,9.4,0.7,0.1,0.4,10.1,0.0,1.24,9.4,763,722,39.71,14.48,888,452,376,0.0,1.14,1.28,1.27,3.04,3.48,4.49,28.6,0.798,0.459,6.29
26000,1,342,36.3,0.8,15.0,1.2,10.9,0.2,1.20,1.1,241,898,41.42,31.74,77,125,140,0.3,1.23,1.23,1.17,4.74,5.73,5.72,36.3,1.292,0.575,5.97
26000,172,208,17.4,1.2,1.6,0.6,12.6,0.0,1.41,10.3,90,707,45.53,17.91,150,50,8,0.1,1.34,1.50,1.41,3.75,4.48,5.19,21.7,1.041,0.378,7.27
26000,180,154,19.1,0.7,10.7,0.1,4.1,0.0,1.16,3.9,112,844,14.83,15.79,65,43,46,0.2,1.18,1.21,1.13,3.08,4.09,4.52,30.7,1.165,0.580,5.27
26000,6,116,47.9,1.1,16.9,12.9,12.3,0.0,1.27,2.8,100,1170,73.88,67.18,49,49,18,0.1,1.35,1.10,1.31,6.11,6.79,6.98,28.9,1.252,0.369,7.56
26000,64,114,27.3,1.8,0.8,11.6,18.8,0.0,1.31,3.7,82,1507,148.20,72.76,51,58,5,0.0,1.30,1.37,1.29,4.94,5.80,5.87,27.0,0.943,0.477,6.74
26000,211,52,15.1,1.3,2.5,1.1,10.0,0.7,1.25,7.7,27,506,41.23,24.63,8,38,6,0.7,1.50,1.04,1.24,3.04,4.10,4.08,30.0,1.008,0.498,6.00
26000,208,19,21.8,0.1,0.0,19.5,17.0,0.0,1.00,1.4,13,1516,99.11,37.58,14,5,0,0.0,1.00,1.00,1.00,5.74,6.21,6.58,20.8,0.817,0.376,6.74
26000,210,7,3.6,0.0,0.0,0.0,4.1,0.0,1.00,17.7,4,1175,38.82,8.88,6,1,0,0.0,1.00,1.00,1.00,1.57,1.86,2.86,20.2,0.880,0.478,6.71
27000,30,1419,9.1,0.7,0.1,0.5,9.8,0.0,1.23,9.4,722,708,39.66,12.87,690,407,322,0.0,1.16,1.29,1.25,2.94,3.43,4.36,29.0,0.799,0.456,6.19
27000,180,436,25.2,0.7,13.6,0.1,5.7,0.0,1.15,2.1,317,687,12.88,21.45,196,109,131,0.1,1.17,1.12,1.15,3.58,4.66,5.14,28.6,1.221,0.597,5.42
27000,1,255,36.0,1.0,13.2,1.2,12.0,0.1,1.26,1.7,198,1183,71.26,43.50,92,87,76,0.2,1.22,1.36,1.23,4.61,5.62,5.64,33.1,1.291,0.569,6.02
27000,172,125,16.4,0.9,1.2,1.3,12.5,0.0,1.22,11.0,78,897,69.09,31.52,93,27,5,0.1,1.17,1.33,1.21,3.80,4.22,5.97,21.0,1.031,0.371,7.54
27000,6,107,50.3,0.9,17.3,11.3,14.8,0.0,1.21,2.1,90,1079,72.04,49.10,43,48,16,0.4,1.24,1.10,1.25,6.36,6.99,7.00,28.5,1.265,0.357,7.49
27000,211,76,12.5,1.2,2.3,0.6,7.7,0.4,1.34,7.5,47,879,61.31,30.96,6,56,14,0.4,1.49,1.18,1.36,2.84,4.32,4.04,32.4,1.047,0.461,6.01
27000,64,75,26.9,2.7,1.3,10.0,16.3,0.0,1.48,3.9,63,1317,89.37,49.07,32,39,4,0.0,1.44,1.58,1.47,4.77,5.53,5.75,26.8,0.951,0.468,6.57
27000,208,14,24.4,1.7,0.0,22.1,15.6,0.0,1.33,1.1,9,1000,79.36,28.10,3,11,0,0.0,1.64,1.00,1.33,6.14,6.36,6.50,26.4,0.807,0.389,6.71
28000,30,1170,8.3,0.6,0.1,0.3,8.9,0.0,1.24,10.3,559,672,32.58,10.93,520,400,250,0.0,1.16,1.28,1.27,2.83,3.21,4.30,29.4,0.796,0.455,6.26
28000,180,605,23.7,0.7,12.3,0.1,5.2,0.0,1.15,2.9,422,691,19.62,21.96,265,188,152,0.1,1.15,1.10,1.17,3.48,4.50,4.95,29.3,1.243,0.600,5.43
28000,1,226,38.4,1.9,13.3,1.7,12.2,0.2,1.45,1.3,173,1147,64.29,44.80,66,91,69,0.4,1.38,1.60,1.42,4.81,5.76,5.81,33.3,1.281,0.556,6.10
28000,172,217,13.1,0.7,0.5,0.5,10.4,0.0,1.17,12.9,89,747,49.11,20.48,125,74,18,0.1,1.13,1.26,1.16,3.35,3.82,4.75,23.0,1.046,0.374,7.32
28000,6,111,46.2,1.7,15.1,10.0,12.2,0.0,1.32,3.5,93,1539,92.03,48.42,54,40,17,0.7,1.43,1.21,1.33,5.75,6.63,6.63,27.5,1.279,0.352,7.44
28000,211,77,10.0,0.4,1.8,0.4,7.0,0.1,1.14,8.6,51,837,39.14,20.60,3,53,21,0.1,1.17,1.10,1.16,2.70,4.44,3.70,35.5,1.078,0.457,6.01
28000,220,71,34.4,0.1,9.8,7.3,14.3,0.0,1.01,1.2,58,1154,63.15,44.51,53,14,4,0.0,1.01,1.01,1.01,4.90,5.87,5.87,22.8,1.232,0.432,6.15
28000,224,40,6.9,0.5,0.0,2.8,7.1,0.0,1.11,12.9,22,732,35.34,6.45,32,8,0,0.0,1.17,1.02,1.13,2.60,4.43,2.67,24.3,0.702,0.369,6.75
28000,225,29,23.0,1.1,0.0,0.0,20.9,0.0,1.32,1.4,17,1274,134.79,116.78,22,6,1,0.0,1.09,1.47,1.36,3.79,5.03,5.03,22.6,0.999,0.692,5.31
28000,64,24,29.3,4.4,0.0,10.2,15.3,0.0,1.74,3.3,17,1714,108.35,41.48,8,16,0,0.0,1.27,2.51,1.58,4.67,5.79,5.33,27.1,0.980,0.495,6.38
28000,208,6,16.4,0.0,0.0,14.3,14.0,0.0,1.00,5.7,6,1894,99.55,23.64,1,5,0,0.0,1.00,1.00,1.00,4.50,5.00,6.17,26.0,0.776,0.356,7.00
28000,226,6,20.0,0.0,0.0,16.7,13.3,0.0,1.00,2.0,4,1105,69.68,11.44,2,4,0,0.0,1.00,1.00,1.00,4.67,5.00,6.00,25.3,0.908,0.435,6.00
29000,30,812,9.4,0.9,0.2,0.3,9.5,0.0,1.28,9.9,471,722,32.19,10.61,351,266,195,0.0,1.14,1.36,1.32,3.03,3.48,4.25,29.8,0.799,0.455,6.28
29000,180,672,23.2,0.6,11.3,0.0,5.5,0.0,1.09,3.0,493,934,28.44,24.25,313,192,167,0.2,1.07,1.09,1.10,3.41,4.42,4.87,29.3,1.284,0.602,5.38
29000,1,184,38.4,2.2,12.2,1.3,12.1,0.1,1.52,1.7,142,1092,61.74,42.30,62,82,40,0.5,1.25,1.84,1.49,4.53,5.66,5.63,30.5,1.309,0.529,6.05
29000,172,138,16.1,0.9,0.2,0.5,13.0,0.0,1.17,10.9,54,643,38.61,16.51,77,40,21,0.0,1.03,1.32,1.18,3.45,4.07,4.86,25.2,1.052,0.371,7.20
29000,211,94,9.3,0.1,1.5,0.2,6.9,0.0,1.03,7.9,54,788,29.72,12.85,5,63,26,0.0,1.03,1.04,1.04,2.83,4.36,4.10,33.2,1.093,0.450,5.97
29000,229,79,3.1,0.0,0.0,0.0,4.2,0.0,1.00,16.4,22,405,14.11,5.21,78,1,0,0.0,1.00,1.00,1.00,1.82,4.10,1.23,20.3,0.734,0.481,6.71
29000,240,72,7.3,0.5,0.0,1.0,7.2,0.0,1.27,9.8,57,936,51.46,18.85,35,21,16,0.0,1.28,1.31,1.26,2.67,4.22,3.46,28.9,0.852,0.445,6.12
29000,232,54,5.5,0.0,0.0,0.0,5.2,0.0,1.00,17.2,10,267,8.47,2.56,54,0,0,0.0,1.00,1.00,1.00,2.04,3.56,1.85,19.6,1.053,0.483,7.00
29000,224,52,8.4,0.7,0.0,1.0,10.0,0.0,1.23,11.3,29,661,32.34,11.05,49,3,0,0.0,1.29,1.11,1.27,2.98,4.75,3.33,23.1,0.694,0.385,6.85
29000,6,48,49.6,1.4,16.5,14.9,12.1,0.0,1.17,2.1,41,1478,81.52,51.37,20,19,9,0.2,1.26,1.03,1.18,6.50,6.75,6.90,29.4,1.273,0.350,7.31
29000,220,42,34.9,0.1,6.9,9.1,17.1,0.0,1.02,1.0,34,1473,102.93,40.32,31,9,2,0.0,1.00,1.04,1.02,5.05,6.17,5.88,21.2,1.225,0.448,6.29
29000,225,36,16.0,0.8,0.0,0.0,14.2,0.0,1.27,6.7,28,826,52.98,64.33,25,10,1,0.0,1.09,1.38,1.30,3.00,3.83,4.11,22.3,1.022,0.718,5.56
29000,64,28,32.4,4.5,0.0,7.3,19.3,0.0,1.82,3.2,21,1033,76.42,37.10,0,28,0,0.0,1.20,2.69,1.69,4.46,5.71,5.64,30.6,0.992,0.499,6.36
29000,231,27,5.0,0.9,0.0,0.4,4.5,0.0,1.39,17.6,15,487,15.87,2.79,15,12,0,0.0,1.48,1.49,1.32,2.07,3.93,2.41,25.5,0.742,0.497,7.30
29000,230,21,4.5,0.0,0.8,2.2,3.9,0.0,1.00,16.3,15,725,25.52,5.51,21,0,0,0.0,1.00,1.00,1.00,2.38,2.48,3.10,18.7,0.778,0.502,6.86
30000,180,907,23.3,0.5,10.9,0.1,5.5,0.0,1.08,3.4,683,681,22.59,23.64,481,292,134,0.1,1.08,1.06,1.08,3.22,4.33,4.71,26.7,1.331,0.611,5.34
30000,30,868,10.4,1.2,0.1,0.3,10.1,0.0,1.39,9.4,494,601,26.09,9.07,352,301,215,0.0,1.25,1.50,1.43,3.10,3.59,4.50,30.0,0.797,0.466,6.35
30000,1,147,36.7,3.4,10.1,1.7,10.1,0.2,1.95,2.0,128,1346,77.84,58.09,51,77,19,0.5,1.68,2.38,1.91,4.19,5.54,5.60,29.6,1.326,0.517,6.02
30000,211,100,9.6,0.4,1.1,0.3,7.1,0.1,1.06,9.1,59,858,29.08,12.03,17,47,36,0.1,1.11,1.10,1.02,2.81,3.87,3.96,35.6,1.085,0.438,6.01
30000,229,74,4.2,0.8,0.0,0.0,3.9,0.0,1.34,17.5,25,557,21.05,4.32,51,22,1,0.0,1.38,1.45,1.28,1.93,3.82,1.39,23.2,0.735,0.478,6.95
30000,224,45,9.1,1.1,0.0,0.9,9.7,0.0,1.44,9.5,29,634,34.70,19.75,32,11,2,0.0,1.49,1.36,1.50,3.24,4.93,3.82,24.7,0.715,0.382,6.64
30000,232,44,4.7,0.0,0.0,0.0,4.5,0.0,1.00,18.5,14,315,10.96,5.13,44,0,0,0.0,1.00,1.00,1.00,1.82,2.91,1.80,18.0,1.055,0.458,6.98
30000,172,37,13.4,1.0,0.1,0.2,10.9,0.0,1.19,13.7,29,985,41.85,15.77,17,11,9,0.0,1.14,1.28,1.17,2.97,3.59,4.03,29.5,1.008,0.344,7.19
30000,6,33,38.9,2.2,10.7,12.7,9.8,0.0,1.32,3.3,31,1496,71.64,51.17,15,11,7,0.4,1.25,1.40,1.32,5.42,6.39,6.36,28.9,1.261,0.362,7.15
30000,231,31,4.2,1.0,0.2,0.3,3.3,0.1,1.56,20.5,15,520,19.16,4.05,27,4,0,0.1,1.58,1.56,1.58,1.84,3.10,1.84,24.1,0.719,0.523,7.55
30000,240,18,10.4,0.2,0.0,4.3,10.7,0.0,1.06,4.2,11,968,32.88,1.46,0,10,8,0.0,1.02,1.10,1.06,4.06,5.61,5.00,37.9,0.785,0.423,6.11
30000,64,14,33.4,5.9,0.0,6.7,17.2,0.0,2.03,2.1,12,1374,94.98,35.06,0,14,0,0.0,1.20,3.39,1.80,4.36,5.71,5.71,31.3,1.021,0.502,6.07
30000,220,14,31.5,0.0,8.6,6.1,13.9,0.0,1.00,3.0,13,971,79.78,28.88,14,0,0,0.0,1.00,1.00,1.00,4.86,5.36,5.86,14.0,1.231,0.501,6.36
30000,241,12,20.7,5.2,0.0,0.0,13.2,0.0,2.90,7.3,12,599,54.46,41.92,12,0,0,0.0,2.19,3.32,3.09,3.50,3.92,5.83,7.4,0.881,0.558,6.67
30000,244,10,26.7,0.0,7.0,2.4,11.4,0.0,1.00,7.2,10,1205,105.54,35.15,5,5,0,0.0,1.00,1.00,1.00,3.50,4.40,5.40,25.9,1.323,0.387,6.70
30000,243,8,9.9,0.0,2.2,0.0,10.4,0.0,1.00,14.8,7,1348,45.49,28.92,1,7,0,0.0,1.00,1.00,1.00,2.88,3.50,4.88,28.5,0.788,0.419,7.88
30000,230,8,9.1,0.0,3.9,0.0,7.4,0.0,1.00,11.8,7,1011,52.80,21.71,8,0,0,0.0,1.00,1.00,1.00,2.75,4.25,3.50,15.6,0.778,0.487,6.75
30000,225,7,22.7,0.7,0.0,0.0,21.1,0.0,1.24,2.6,5,1203,47.54,59.36,6,1,0,0.0,1.00,1.43,1.25,3.57,5.00,5.00,21.6,0.971,0.667,5.57
31000,180,809,25.3,0.5,11.4,0.1,5.8,0.0,1.09,3.1,590,736,21.34,23.11,355,321,133,0.1,1.11,1.05,1.10,3.36,4.42,4.86,27.9,1.392,0.620,5.39
31000,30,644,12.5,1.5,0.2,0.4,12.4,0.0,1.46,7.7,391,561,27.16,8.10,232,245,167,0.0,1.37,1.48,1.51,3.51,3.87,5.15,30.6,0.795,0.459,6.37
31000,211,163,10.1,0.7,0.7,0.1,7.2,0.1,1.22,9.5,78,425,15.54,2.29,12,99,52,0.1,1.28,1.19,1.20,2.75,3.48,4.05,36.8,1.114,0.437,6.05
31000,224,115,6.0,0.6,0.0,0.1,7.4,0.0,1.19,13.3,54,317,14.95,8.45,85,30,0,0.0,1.22,1.20,1.17,2.52,4.54,2.93,23.6,0.674,0.373,6.99
31000,1,69,40.6,3.5,11.0,1.3,12.2,0.2,1.94,1.7,66,1387,77.19,50.42,14,37,18,0.7,1.46,2.36,1.98,4.65,5.75,5.96,32.4,1.318,0.493,6.23
31000,231,28,15.0,5.2,0.0,0.4,8.5,0.0,2.87,9.8,13,612,24.23,7.41,18,10,0,0.0,3.36,3.62,2.28,3.00,5.11,4.54,22.5,0.766,0.533,7.04
31000,229,22,6.6,2.3,1.1,0.0,3.1,0.0,1.80,17.9,17,728,19.29,5.84,16,6,0,0.2,1.85,2.04,1.64,2.18,3.00,2.23,23.0,0.736,0.456,7.09
31000,6,18,43.7,2.9,14.1,11.9,8.4,0.0,1.55,1.9,17,1283,55.29,37.16,9,8,1,0.4,1.61,1.60,1.48,6.06,6.72,7.06,26.0,1.298,0.385,7.33
31000,232,18,5.6,0.0,0.0,0.0,5.3,0.0,1.00,16.8,5,451,13.67,3.86,17,1,0,0.0,1.00,1.00,1.00,1.94,3.67,1.94,19.5,1.053,0.483,7.00
31000,243,16,6.9,0.0,0.9,0.0,7.4,0.0,1.00,16.1,7,545,12.43,8.20,1,15,0,0.0,1.00,1.00,1.00,2.50,2.44,4.00,30.0,0.859,0.418,7.25
31000,240,11,12.1,0.5,0.3,0.0,15.9,0.0,1.04,4.2,11,945,48.25,2.36,1,3,7,0.0,1.00,1.14,1.02,4.55,5.36,4.73,38.8,0.719,0.365,6.09
31000,241,10,12.7,4.0,0.0,0.0,6.6,0.0,2.37,10.8,9,1268,87.91,47.08,10,0,0,0.0,1.68,2.84,2.55,2.60,3.30,5.20,6.6,0.889,0.547,6.50
31000,244,9,41.1,0.0,8.7,0.0,21.1,0.0,1.00,5.8,7,626,36.49,18.01,9,0,0,0.0,1.00,1.00,1.00,4.33,4.56,6.33,22.6,1.383,0.344,6.89
31000,220,8,20.8,0.0,6.2,2.4,8.8,0.0,1.00,5.8,8,1576,153.84,60.18,8,0,0,0.0,1.00,1.00,1.00,3.50,4.88,4.75,13.8,1.247,0.508,6.25
31000,225,8,32.7,1.9,0.0,0.0,27.0,0.0,1.46,0.2,4,806,49.47,51.86,8,0,0,0.0,1.17,1.67,1.49,4.62,6.00,6.00,16.9,1.062,0.628,6.00
31000,247,7,12.2,0.0,0.4,0.0,14.3,0.0,1.00,10.6,6,832,41.73,17.36,7,0,0,0.0,1.00,1.00,1.00,3.14,3.57,4.29,15.7,0.828,0.303,6.57
31000,172,7,8.7,0.0,0.0,0.9,8.3,0.0,1.00,14.6,7,1601,51.24,11.63,3,2,2,0.0,1.00,1.00,1.00,2.71,3.14,3.57,31.2,1.008,0.339,7.00
31000,64,5,35.0,9.8,0.0,7.6,11.0,0.0,3.44,1.2,5,2214,148.18,33.87,0,5,0,0.0,2.30,5.39,3.05,4.40,6.00,5.40,29.0,1.019,0.551,6.00
32000,180,716,27.3,0.1,12.5,0.0,5.1,0.0,1.02,2.9,538,665,14.25,22.03,349,247,120,0.0,1.02,1.01,1.02,3.47,4.47,4.90,27.8,1.502,0.643,5.39
32000,30,568,11.5,1.9,0.4,0.6,10.3,0.1,1.55,9.3,375,618,28.54,6.58,263,172,133,0.1,1.47,1.59,1.59,3.31,3.88,4.58,27.3,0.774,0.454,6.48
32000,211,224,9.5,0.7,0.7,0.0,6.7,0.1,1.31,10.3,135,595,23.23,3.79,34,68,122,0.1,1.31,1.27,1.35,2.69,2.99,4.35,39.4,1.091,0.431,6.11
32000,224,49,11.4,2.6,0.0,0.4,10.0,0.0,1.80,9.6,33,471,23.12,13.97,47,2,0,0.0,1.99,1.77,1.80,3.59,4.82,4.43,19.6,0.727,0.368,6.94
32000,1,20,38.2,4.7,8.8,2.0,9.9,0.4,2.40,2.0,20,2055,85.53,46.19,6,9,5,0.8,2.01,2.74,2.44,4.55,6.15,5.80,33.1,1.321,0.501,6.40
32000,259,16,8.0,1.2,0.1,0.3,6.4,0.0,1.66,13.6,10,944,24.20,5.18,0,9,7,0.0,1.72,1.70,1.59,2.44,3.31,2.94,36.7,0.884,0.386,6.50
32000,231,13,20.4,8.2,0.0,0.5,9.1,0.0,3.93,9.4,9,1501,31.33,9.53,12,1,0,0.0,4.71,5.10,2.95,3.54,5.23,4.54,18.7,0.783,0.547,7.08
32000,6,10,51.0,3.4,10.6,18.0,12.6,0.0,1.96,2.4,9,1150,42.67,33.78,4,6,0,0.1,1.97,1.81,2.06,6.50,7.00,7.30,25.6,1.328,0.380,7.70
32000,232,10,3.7,0.0,0.0,0.0,3.5,0.0,1.00,19.8,7,554,16.87,2.92,9,1,0,0.0,1.00,1.00,1.00,1.70,2.60,1.50,18.7,1.063,0.492,7.00
32000,229,9,7.8,3.4,0.7,0.0,3.3,0.0,2.10,18.2,8,744,17.56,5.85,8,1,0,0.2,2.20,2.50,1.83,2.22,3.22,2.33,21.2,0.730,0.442,7.33
32000,240,8,8.7,0.6,0.8,0.0,9.6,0.0,1.16,5.8,8,1406,66.59,6.84,1,5,2,0.0,1.13,1.18,1.18,3.12,4.38,4.75,33.4,0.736,0.362,5.88
32000,225,8,30.6,0.8,0.0,0.0,26.9,0.0,1.14,1.0,6,882,81.21,68.18,8,0,0,0.0,1.00,1.25,1.16,4.75,5.62,5.88,15.9,1.083,0.622,5.88
32000,64,6,39.8,10.8,0.0,7.5,11.3,0.0,3.74,1.0,6,1315,71.24,23.42,1,5,0,0.0,1.00,5.82,4.06,5.17,6.00,5.50,28.4,1.065,0.542,6.00
32000,244,6,31.4,0.0,4.5,0.0,18.3,0.0,1.00,7.3,5,944,40.24,8.50,4,2,0,0.0,1.00,1.00,1.00,4.00,3.50,6.50,24.9,1.380,0.348,6.83
33000,180,630,27.8,0.1,12.3,0.0,5.3,0.0,1.01,3.2,499,668,11.28,20.15,305,177,148,0.1,1.01,1.01,1.01,3.44,4.48,4.90,28.0,1.544,0.640,5.46
33000,30,321,13.0,2.5,0.6,0.3,10.8,0.0,1.74,9.0,250,724,31.44,5.88,137,102,82,0.0,1.64,1.81,1.78,3.39,3.96,4.92,28.7,0.780,0.457,6.59
33000,211,304,9.4,0.3,0.3,0.0,7.8,0.0,1.12,10.1,139,478,19.89,1.40,87,96,121,0.0,1.11,1.10,1.15,2.89,2.80,4.75,33.9,1.064,0.422,6.18
33000,224,20,10.4,1.8,0.0,0.2,10.4,0.0,1.66,8.8,14,701,24.44,10.69,14,6,0,0.0,1.77,1.68,1.74,3.65,5.25,4.75,22.6,0.741,0.376,6.85
33000,64,7,35.7,10.4,0.0,7.3,8.9,0.0,4.08,0.6,7,1267,57.14,22.09,1,6,0,0.0,2.79,5.39,4.10,4.86,5.86,5.86,26.8,1.060,0.543,6.00
33000,231,6,19.6,9.3,0.0,0.5,5.5,0.0,4.23,13.0,5,2547,38.36,10.45,5,1,0,0.0,4.92,5.25,3.35,3.17,4.00,4.00,19.4,0.787,0.558,7.17
33000,225,5,29.9,1.0,0.0,0.0,26.2,0.0,1.21,0.8,5,2315,192.61,129.67,3,0,2,0.0,1.00,1.33,1.26,5.20,6.00,6.00,30.1,1.061,0.631,6.00
34000,211,368,10.2,0.3,0.5,0.1,8.4,0.0,1.09,9.3,172,608,25.43,2.45,197,93,78,0.0,1.11,1.08,1.10,3.00,2.74,5.14,26.8,1.057,0.427,6.16
34000,180,351,30.9,0.1,12.8,0.0,6.0,0.0,1.04,2.8,294,914,13.19,21.63,191,85,75,0.1,1.03,1.06,1.04,3.64,4.68,4.96,26.7,1.587,0.643,5.49
34000,30,119,12.5,3.1,0.2,0.8,9.3,0.0,1.84,8.9,103,988,36.29,5.37,55,32,32,0.0,1.56,2.07,1.88,3.30,3.71,4.92,29.6,0.772,0.457,6.47
34000,224,55,12.7,1.7,0.0,2.2,12.3,0.0,1.47,9.4,34,344,16.77,3.78,48,5,2,0.0,1.68,1.43,1.41,3.96,5.84,4.38,19.3,0.753,0.388,7.35
34000,225,7,19.6,0.4,0.0,0.0,17.7,0.0,1.07,5.1,5,871,58.33,47.80,7,0,0,0.0,1.00,1.14,1.07,2.71,4.29,4.57,12.5,1.038,0.621,5.71
34000,278,5,21.4,0.4,8.2,0.0,4.4,0.0,1.08,7.2,5,1113,9.83,4.72,2,1,2,0.0,1.13,1.00,1.08,2.80,3.80,4.20,31.7,1.585,0.640,5.80
35000,211,390,11.1,0.5,0.4,0.0,9.0,0.0,1.16,8.3,172,593,24.79,2.99,299,55,36,0.0,1.17,1.14,1.18,3.00,2.94,5.32,21.0,1.066,0.422,6.13
35000,180,131,35.7,0.1,15.2,0.0,6.0,0.0,1.06,2.3,96,748,12.55,24.15,105,21,5,0.0,1.06,1.07,1.05,3.92,4.82,5.17,20.9,1.645,0.645,5.54
35000,224,51,11.3,1.8,0.0,0.7,11.0,0.0,1.57,10.6,29,538,32.65,5.61,47,4,0,0.0,1.72,1.57,1.52,3.43,5.57,4.00,17.1,0.752,0.392,7.41
35000,30,39,10.2,2.1,0.2,0.3,9.3,0.0,1.69,8.2,32,1098,38.44,3.25,24,9,6,0.0,1.54,1.66,1.80,3.26,3.49,5.51,26.4,0.739,0.468,6.41
35000,289,38,3.6,0.0,0.0,0.0,3.8,0.0,1.00,11.5,18,663,29.00,9.41,35,1,2,0.0,1.00,1.00,1.00,1.76,2.61,1.66,6.7,0.927,0.434,5.00
35000,231,5,25.1,11.6,0.0,0.4,8.8,0.0,5.44,8.0,2,988,75.70,10.35,5,0,0,0.0,6.72,7.32,3.86,4.40,5.00,5.80,18.3,0.769,0.546,7.00
36000,211,540,10.9,0.5,0.4,0.0,8.6,0.1,1.20,8.6,246,531,22.90,2.84,370,111,59,0.1,1.21,1.17,1.23,3.02,2.97,5.23,22.3,1.072,0.424,6.14
36000,180,113,36.3,0.3,13.9,0.0,6.7,0.0,1.09,1.7,89,726,16.45,28.99,80,17,16,0.1,1.09,1.09,1.09,3.77,4.88,4.99,23.0,1.713,0.636,5.34
36000,224,41,8.4,1.2,0.0,0.5,8.9,0.0,1.44,11.7,27,923,59.42,13.86,38,2,1,0.0,1.51,1.48,1.41,3.15,5.24,3.56,17.4,0.721,0.380,7.24
36000,30,33,8.5,1.6,0.1,1.1,7.9,0.1,1.56,9.5,20,376,18.30,1.33,27,5,1,0.1,1.42,1.77,1.54,3.27,3.67,3.88,23.3,0.714,0.495,6.12
36000,298,9,18.3,0.0,8.3,0.0,8.3,0.0,1.00,1.8,9,1478,69.89,20.65,5,3,1,0.0,1.00,1.00,1.00,3.44,4.67,5.22,25.6,1.106,0.526,5.33
36000,231,7,19.4,9.0,0.0,0.4,6.7,0.0,4.98,9.1,6,1592,105.76,18.60,7,0,0,0.0,5.91,6.20,3.94,4.00,5.00,5.29,18.2,0.777,0.544,7.00
36000,289,7,7.3,1.0,0.0,0.0,5.9,0.0,1.39,8.6,4,1259,51.48,12.86,3,1,3,0.0,1.36,1.17,1.54,2.43,3.86,2.29,22.7,0.945,0.452,5.14
37000,211,802,9.3,0.4,0.4,0.0,7.5,0.1,1.16,10.3,341,546,24.62,2.97,421,216,165,0.1,1.16,1.13,1.18,2.75,2.71,4.63,25.8,1.074,0.422,6.17
37000,180,429,36.2,0.2,14.5,0.0,5.7,0.0,1.04,1.8,307,351,8.63,20.03,232,105,92,0.1,1.03,1.08,1.04,3.78,5.00,4.97,26.2,1.748,0.611,5.39
37000,224,36,6.9,1.0,0.0,0.1,7.4,0.0,1.47,14.1,28,430,16.16,8.08,28,7,1,0.0,1.43,1.44,1.68,2.69,3.92,3.42,18.3,0.719,0.386,7.06
37000,298,15,22.5,0.3,1.4,0.0,18.9,0.0,1.06,1.6,10,418,25.53,16.91,14,1,0,0.0,1.09,1.00,1.07,3.60,4.80,4.73,20.7,1.074,0.544,5.07
37000,231,9,12.0,4.0,0.0,0.4,7.0,0.0,2.64,11.6,9,1246,54.28,17.44,9,0,0,0.0,3.09,3.21,2.14,3.33,4.33,4.89,17.3,0.805,0.542,7.00
37000,30,7,3.6,1.4,0.0,0.0,2.1,0.0,2.08,16.0,6,1355,42.90,1.26,2,1,4,0.0,2.29,2.29,1.93,1.43,2.00,2.00,35.4,0.711,0.491,6.00
38000,211,1266,9.3,0.5,0.3,0.1,7.4,0.0,1.18,10.9,493,476,21.59,3.78,617,393,256,0.0,1.19,1.15,1.21,2.71,2.68,4.49,27.5,1.066,0.419,6.24
38000,180,792,32.5,0.5,11.6,0.0,5.4,0.0,1.10,2.0,598,375,8.72,20.51,350,225,217,0.2,1.08,1.15,1.09,3.59,4.81,4.87,29.0,1.810,0.632,5.30
38000,298,8,16.2,0.4,5.6,0.0,9.8,0.0,1.12,4.2,7,699,43.56,30.88,8,0,0,0.0,1.13,1.05,1.15,3.12,4.38,4.88,19.4,0.984,0.602,5.38
39000,211,1708,8.8,0.5,0.3,0.1,7.0,0.0,1.19,11.4,662,444,21.41,4.98,749,566,393,0.0,1.20,1.14,1.24,2.64,2.67,4.45,28.9,1.060,0.414,6.29
39000,180,1146,25.2,0.1,9.1,0.0,4.0,0.0,1.03,3.0,770,299,7.31,16.88,530,313,303,0.1,1.02,1.06,1.03,3.19,4.47,4.51,29.3,1.871,0.719,5.15
40000,211,2054,9.0,0.5,0.3,0.0,7.1,0.0,1.22,11.9,753,458,21.48,5.61,908,757,389,0.0,1.22,1.19,1.26,2.58,2.68,4.34,28.5,1.056,0.410,6.41
40000,180,1037,22.3,0.1,8.2,0.0,3.3,0.0,1.02,3.2,667,329,6.63,18.27,468,345,224,0.0,1.02,1.02,1.02,2.90,4.26,4.30,28.4,1.919,0.720,4.97
41000,211,2135,8.7,0.5,0.2,0.0,6.9,0.0,1.24,12.5,768,457,21.60,6.45,971,785,379,0.0,1.23,1.18,1.31,2.50,2.62,4.19,28.4,1.060,0.415,6.44
41000,180,979,22.2,0.1,7.9,0.0,3.4,0.0,1.01,4.1,650,383,9.74,21.92,444,320,215,0.0,1.01,1.02,1.01,2.88,4.13,4.13,28.7,1.943,0.679,5.03
42000,211,2693,7.4,0.5,0.3,0.1,5.7,0.0,1.23,13.8,912,462,21.97,6.91,1258,997,438,0.0,1.23,1.18,1.30,2.25,2.46,3.75,27.6,1.053,0.409,6.47
42000,180,1008,24.1,0.0,8.7,0.0,3.4,0.0,1.01,2.6,625,344,7.38,23.46,419,332,257,0.0,1.00,1.01,1.01,2.86,4.24,4.20,30.0,1.975,0.631,4.80
43000,211,2494,8.0,0.5,0.2,0.0,6.3,0.0,1.22,13.2,843,551,27.04,8.06,1057,1010,427,0.0,1.21,1.18,1.29,2.34,2.61,3.81,28.4,1.051,0.402,6.43
43000,180,743,19.3,0.0,6.3,0.0,3.4,0.0,1.00,3.2,461,416,9.58,28.13,345,245,153,0.0,1.00,1.00,1.00,2.32,3.66,3.69,28.3,1.978,0.565,4.42
44000,211,2216,6.9,0.4,0.2,0.0,5.6,0.0,1.17,14.2,753,528,25.60,6.81,876,923,417,0.0,1.17,1.15,1.22,2.16,2.53,3.48,29.4,1.046,0.400,6.45
44000,180,1171,23.0,0.0,6.5,0.0,5.0,0.0,1.01,2.1,712,312,10.46,26.29,487,492,192,0.0,1.01,1.01,1.02,2.25,3.70,3.75,28.5,1.990,0.532,4.21
44000,326,5,5.2,0.0,0.0,0.0,2.8,0.0,1.00,12.4,5,644,25.49,2.07,5,0,0,0.0,1.00,1.00,1.00,1.40,1.80,2.00,17.5,1.866,0.788,5.00
45000,211,1941,6.8,0.5,0.1,0.0,5.4,0.0,1.22,14.3,666,481,21.93,5.78,879,687,375,0.0,1.22,1.19,1.28,2.13,2.50,3.31,28.8,1.050,0.397,6.40
45000,180,526,22.4,0.3,6.1,0.0,4.7,0.0,1.08,2.3,384,360,14.41,29.58,199,250,77,0.0,1.05,1.06,1.10,2.22,3.59,3.72,29.0,1.994,0.414,4.20
46000,211,1851,7.2,0.5,0.1,0.0,5.8,0.0,1.21,14.2,682,418,18.65,5.12,699,767,385,0.0,1.21,1.19,1.26,2.16,2.62,3.38,30.2,1.047,0.401,6.45
46000,180,400,19.2,0.3,5.9,0.0,3.0,0.0,1.14,2.0,253,397,15.03,26.22,97,194,109,0.1,1.10,1.17,1.15,1.94,3.47,3.69,31.8,1.997,0.360,4.06
47000,211,1550,7.3,0.5,0.2,0.0,5.6,0.0,1.23,14.4,627,444,18.89,5.17,569,591,390,0.0,1.23,1.20,1.28,2.14,2.51,3.44,30.6,1.064,0.412,6.48
47000,180,63,16.6,1.0,3.2,0.0,3.1,0.0,1.53,3.8,54,952,38.82,32.26,30,29,4,0.2,1.38,1.66,1.55,1.73,3.17,3.13,26.8,1.998,0.287,4.05
48000,211,1407,8.5,0.5,0.1,0.0,6.9,0.0,1.24,13.0,645,381,17.41,5.50,543,523,341,0.0,1.22,1.21,1.33,2.46,2.74,4.06,30.4,1.064,0.414,6.49
48000,180,20,14.4,1.1,1.5,0.0,3.4,0.0,1.79,3.8,20,1460,62.75,27.10,8,12,0,0.2,1.78,1.94,1.73,1.85,3.35,2.90,26.2,1.998,0.280,4.00
49000,211,1106,8.6,0.5,0.1,0.1,7.0,0.0,1.23,12.9,516,352,16.46,4.21,396,416,294,0.0,1.24,1.18,1.30,2.44,2.64,4.04,31.4,1.060,0.410,6.48
49000,369,115,22.7,0.0,4.9,0.0,6.5,0.0,1.00,2.0,81,323,14.60,30.29,80,31,4,0.0,1.00,1.00,1.00,1.86,3.36,3.66,23.6,2.000,0.331,4.00
50000,211,993,7.9,0.6,0.2,0.0,6.2,0.0,1.29,13.6,450,360,16.08,4.06,336,380,277,0.0,1.28,1.24,1.40,2.30,2.50,3.79,31.5,1.043,0.400,6.48
51000,211,657,9.8,0.9,0.2,0.0,7.4,0.1,1.38,11.4,331,466,20.85,3.58,217,237,203,0.1,1.36,1.28,1.57,2.66,2.67,4.71,32.7,1.041,0.407,6.43
51000,415,130,24.4,0.0,7.8,0.0,4.5,0.0,1.00,1.5,72,421,11.33,31.61,22,95,13,0.0,1.00,1.00,1.00,1.83,3.58,3.67,31.8,2.000,0.434,4.00
52000,211,954,10.4,0.8,0.2,0.1,8.1,0.0,1.30,11.0,439,395,18.64,3.11,338,357,259,0.0,1.31,1.24,1.39,2.80,2.81,4.95,30.6,1.060,0.412,6.47
52000,446,928,27.7,0.0,9.5,0.0,4.4,0.0,1.00,1.0,306,429,11.53,36.13,458,359,111,0.0,1.00,1.00,1.00,2.15,3.74,3.83,26.7,2.000,0.652,4.04
52000,415,46,26.6,0.0,9.2,0.0,4.2,0.0,1.00,1.1,26,540,12.61,37.08,6,27,13,0.0,1.00,1.00,1.00,2.59,3.70,3.76,31.9,2.000,0.325,4.00
53000,446,850,29.0,0.0,11.3,0.0,3.2,0.0,1.00,0.6,222,638,9.10,36.46,457,266,127,0.0,1.00,1.00,1.00,2.25,3.83,3.94,26.0,2.000,0.669,4.03
53000,211,848,9.5,0.6,0.1,0.0,7.7,0.0,1.26,12.1,424,514,21.75,3.15,427,226,195,0.0,1.24,1.19,1.38,2.67,2.67,4.65,27.6,1.051,0.413,6.58
53000,491,35,9.6,0.4,0.3,0.3,9.0,0.0,1.08,11.1,26,401,18.61,1.61,5,21,9,0.1,1.10,1.11,1.06,3.57,3.03,5.89,34.2,0.943,0.334,7.06
53000,415,7,26.9,0.0,5.4,0.0,8.0,0.0,1.00,0.9,6,1033,29.15,54.12,1,6,0,0.0,1.00,1.00,1.00,2.29,3.86,3.71,26.5,2.000,0.182,4.00
54000,446,565,29.9,0.0,11.8,0.0,3.2,0.0,1.00,0.3,135,1124,14.63,40.44,348,162,55,0.0,1.00,1.00,1.00,2.40,3.91,3.97,23.6,2.000,0.677,4.02
54000,211,551,9.7,0.6,0.3,0.0,8.0,0.0,1.21,12.1,291,799,29.64,3.02,307,143,101,0.0,1.21,1.17,1.27,2.78,2.61,4.83,25.9,1.042,0.414,6.62
54000,491,35,8.9,0.0,0.0,0.6,9.2,0.0,1.00,11.0,27,718,29.49,1.28,12,12,11,0.0,1.00,1.00,1.00,3.09,3.43,5.74,29.7,0.940,0.334,7.09
55000,211,475,8.9,0.4,0.1,0.0,7.7,0.0,1.19,11.6,228,699,26.56,2.79,347,94,34,0.0,1.18,1.16,1.24,2.71,2.48,4.87,21.9,1.042,0.423,6.45
55000,446,302,29.1,0.0,10.8,0.0,3.7,0.0,1.00,0.6,100,1210,21.35,34.17,229,63,10,0.0,1.00,1.00,1.00,2.30,3.84,3.94,18.3,2.000,0.673,4.03
55000,491,14,9.8,0.0,0.0,0.0,10.1,0.0,1.00,11.9,13,1450,53.24,2.93,3,8,3,0.0,1.00,1.00,1.00,3.14,3.21,5.29,29.2,0.961,0.350,7.14
56000,211,608,8.5,0.1,0.1,0.0,7.8,0.0,1.06,10.8,238,500,20.95,3.02,410,120,78,0.0,1.05,1.05,1.08,2.81,2.49,5.16,23.3,1.039,0.452,6.38
56000,446,261,29.7,0.0,11.3,0.0,3.6,0.0,1.00,0.4,88,729,11.90,27.47,162,50,49,0.0,1.00,1.00,1.00,2.67,3.91,3.94,23.3,2.000,0.669,4.02
57000,211,884,7.2,0.2,0.1,0.0,6.5,0.0,1.11,12.3,321,608,24.87,2.22,451,231,202,0.0,1.10,1.09,1.16,2.52,2.23,4.65,27.6,1.033,0.450,6.40
57000,446,455,28.6,0.0,10.3,0.0,4.0,0.0,1.00,0.8,159,450,7.92,25.00,277,109,69,0.0,1.00,1.00,1.00,2.55,3.83,3.86,23.6,2.000,0.639,4.03
58000,211,1207,7.4,0.3,0.2,0.0,6.4,0.0,1.13,12.5,392,478,20.01,2.07,510,386,311,0.0,1.14,1.10,1.17,2.50,2.28,4.51,29.5,1.038,0.451,6.42
58000,446,731,29.6,0.0,11.1,0.0,3.7,0.0,1.00,0.5,207,524,8.03,28.18,374,174,183,0.0,1.00,1.00,1.00,2.47,3.90,3.92,27.4,2.000,0.652,4.04
59000,211,1471,7.6,0.3,0.2,0.0,6.5,0.0,1.15,12.8,544,411,17.88,3.01,517,597,357,0.0,1.15,1.11,1.21,2.46,2.40,4.43,30.4,1.031,0.437,6.49
59000,446,972,29.3,0.0,10.5,0.0,4.1,0.0,1.00,0.6,266,583,10.46,28.57,438,345,189,0.0,1.00,1.00,1.00,2.38,3.86,3.91,27.9,2.000,0.631,4.03
60000,211,1521,7.4,0.4,0.1,0.1,6.3,0.0,1.16,13.0,526,477,21.22,4.00,529,657,335,0.0,1.17,1.13,1.21,2.38,2.37,4.28,30.2,1.024,0.426,6.49
60000,446,1058,30.0,0.0,10.9,0.0,4.1,0.0,1.00,0.4,241,845,17.29,31.51,460,387,211,0.0,1.00,1.00,1.00,2.33,3.90,3.94,28.3,2.000,0.642,4.03
60000,570,54,6.7,0.5,0.0,0.0,6.2,0.0,1.20,17.0,30,322,17.79,3.23,33,18,3,0.0,1.17,1.17,1.31,2.13,2.59,3.94,25.2,0.911,0.316,7.48
61000,211,1369,6.7,0.4,0.2,0.0,5.6,0.0,1.15,13.6,451,524,23.88,4.74,500,545,324,0.0,1.14,1.12,1.22,2.20,2.27,3.96,30.0,1.027,0.431,6.43
61000,446,1074,29.4,0.0,10.4,0.0,4.3,0.0,1.00,0.5,251,984,28.49,36.42,514,451,109,0.0,1.00,1.00,1.00,2.25,3.85,3.94,26.3,2.000,0.628,4.01
61000,574,217,29.5,0.0,9.9,0.0,4.9,0.0,1.00,0.6,65,853,31.53,37.38,77,122,18,0.0,1.00,1.00,1.00,2.12,3.87,3.96,27.4,2.000,0.589,4.06
61000,570,76,6.7,0.4,0.0,0.0,6.3,0.0,1.19,16.4,44,429,23.23,10.10,51,23,2,0.0,1.16,1.16,1.27,2.18,2.75,4.08,22.5,0.909,0.318,7.41
62000,211,1335,6.1,0.3,0.1,0.0,5.3,0.0,1.13,14.1,456,589,24.98,5.27,500,464,371,0.0,1.12,1.11,1.18,2.16,2.21,3.85,30.5,1.021,0.429,6.44
62000,446,1084,30.2,0.0,10.0,0.0,5.0,0.0,1.00,0.5,262,992,33.52,36.69,461,493,130,0.0,1.00,1.00,1.00,2.20,3.93,3.94,27.5,2.000,0.621,4.05
62000,574,278,29.6,0.0,9.2,0.0,5.6,0.0,1.00,0.4,86,837,32.11,35.92,106,143,29,0.0,1.00,1.00,1.00,2.22,3.91,3.94,28.1,2.000,0.587,4.03
62000,570,58,6.0,0.2,0.0,0.0,6.1,0.0,1.05,18.6,30,280,14.00,3.80,41,14,3,0.0,1.05,1.06,1.05,1.88,2.71,2.78,20.8,0.890,0.300,7.34
63000,211,1429,6.3,0.3,0.1,0.0,5.3,0.0,1.15,14.0,490,538,23.34,4.89,545,505,379,0.0,1.15,1.11,1.21,2.14,2.24,3.87,30.5,1.030,0.447,6.41
63000,446,1081,29.8,0.0,9.8,0.0,5.1,0.0,1.00,0.5,245,929,33.86,39.68,436,465,180,0.0,1.00,1.00,1.00,2.22,3.89,3.93,28.1,2.000,0.620,4.03
63000,574,303,29.9,0.0,9.2,0.0,5.7,0.0,1.00,0.4,83,783,33.41,34.86,153,125,25,0.0,1.00,1.00,1.00,2.02,3.87,3.93,25.9,2.000,0.567,4.02
63000,570,79,3.6,0.2,0.0,0.0,3.6,0.0,1.12,19.4,26,374,17.79,6.14,61,15,3,0.0,1.09,1.10,1.19,1.53,2.28,2.29,20.5,0.886,0.296,7.09
64000,211,1383,7.0,0.5,0.1,0.0,5.8,0.0,1.19,13.8,520,485,21.17,5.11,597,402,384,0.0,1.17,1.18,1.24,2.25,2.37,3.92,30.4,1.028,0.451,6.48
64000,446,1060,29.5,0.0,9.5,0.0,5.2,0.0,1.00,0.5,253,882,31.94,38.40,448,444,168,0.0,1.00,1.00,1.00,2.05,3.86,3.93,28.1,2.000,0.643,4.02
64000,574,169,29.6,0.0,8.7,0.0,6.1,0.0,1.00,0.5,44,821,41.36,39.30,102,54,13,0.0,1.00,1.00,1.00,1.79,3.86,3.89,24.3,2.000,0.571,4.01
64000,570,98,4.3,0.4,0.0,0.0,4.1,0.0,1.19,18.7,28,428,17.00,4.92,65,29,4,0.0,1.17,1.17,1.32,1.82,2.41,2.46,22.5,0.877,0.295,7.10
65000,211,1128,7.0,0.3,0.2,0.0,6.0,0.0,1.12,13.5,416,542,22.83,4.81,499,280,349,0.0,1.13,1.11,1.13,2.28,2.34,4.12,30.3,1.025,0.454,6.50
65000,446,708,29.8,0.0,9.5,0.0,5.4,0.0,1.00,0.5,180,1019,39.46,40.94,363,253,92,0.0,1.00,1.00,1.00,2.00,3.89,3.94,26.5,2.000,0.685,4.04
65000,574,413,29.5,0.0,8.5,0.0,6.3,0.0,1.00,0.6,120,844,43.74,41.13,229,152,32,0.0,1.00,1.00,1.00,1.91,3.85,3.92,25.9,2.000,0.575,4.03
65000,582,139,31.7,0.0,8.4,0.0,7.4,0.0,1.00,0.2,52,766,37.30,46.09,104,34,1,0.0,1.00,1.00,1.00,1.94,4.01,4.05,21.9,2.000,0.577,4.08
65000,570,115,5.6,0.6,0.0,0.0,4.9,0.0,1.23,17.7,34,301,11.46,4.12,102,11,2,0.0,1.21,1.17,1.38,1.76,2.56,3.08,20.6,0.886,0.296,7.18
65000,587,32,35.8,0.0,10.5,0.0,7.4,0.0,1.00,0.1,12,1193,31.44,29.57,11,15,6,0.0,1.00,1.00,1.00,2.97,4.22,4.28,29.9,2.000,0.688,4.28
66000,211,1015,7.2,0.2,0.1,0.0,6.5,0.0,1.10,13.2,378,531,21.15,3.79,401,262,352,0.0,1.10,1.08,1.11,2.36,2.35,4.25,31.1,1.020,0.459,6.49
66000,574,678,30.4,0.0,8.5,0.0,6.7,0.0,1.00,0.3,149,928,47.58,45.82,424,183,71,0.0,1.00,1.00,1.00,1.90,3.92,3.96,25.3,2.000,0.569,4.02
66000,446,594,29.4,0.0,9.3,0.0,5.4,0.0,1.00,0.5,169,1036,40.71,39.93,337,222,35,0.0,1.00,1.00,1.00,1.94,3.86,3.92,25.0,2.000,0.689,4.02
66000,570,61,5.8,0.7,0.0,0.0,5.1,0.0,1.25,17.8,32,367,12.83,3.34,56,2,3,0.0,1.22,1.21,1.33,1.69,2.38,3.46,19.3,0.901,0.304,7.36
66000,587,18,35.7,0.0,10.6,0.0,7.2,0.0,1.00,0.0,5,1187,35.71,32.86,6,9,3,0.0,1.00,1.00,1.00,2.28,4.22,4.22,27.1,2.000,0.707,4.22
66000,582,8,25.0,0.0,3.9,0.0,8.6,0.0,1.00,1.0,8,247,17.23,13.86,7,1,0,0.0,1.00,1.00,1.00,2.00,3.88,3.62,22.8,2.000,0.704,4.00
67000,211,1045,7.6,0.3,0.1,0.0,6.6,0.0,1.15,13.0,434,484,20.52,3.33,380,277,388,0.0,1.15,1.13,1.20,2.41,2.46,4.36,32.0,1.024,0.461,6.54
67000,446,723,29.7,0.0,9.2,0.0,5.7,0.0,1.00,0.5,188,873,37.31,36.29,328,274,121,0.0,1.00,1.00,1.00,2.07,3.89,3.92,28.9,2.000,0.618,4.03
67000,574,485,29.4,0.0,8.1,0.0,6.6,0.0,1.00,0.5,117,1105,61.41,49.83,347,118,20,0.0,1.00,1.00,1.00,1.75,3.86,3.91,22.6,2.000,0.552,4.01
67000,570,145,5.3,0.3,0.0,0.0,5.4,0.0,1.13,16.9,48,274,12.00,2.88,56,79,10,0.0,1.11,1.11,1.17,1.90,3.01,2.94,26.9,0.874,0.292,7.12
67000,591,24,24.0,0.0,5.4,0.0,6.6,0.0,1.00,2.2,17,1289,65.86,61.34,1,23,0,0.0,1.00,1.00,1.00,1.54,3.29,3.75,29.3,2.000,0.809,4.08
67000,587,9,37.8,0.0,11.2,0.0,7.7,0.0,1.00,0.0,4,1816,67.18,45.90,4,4,1,0.0,1.00,1.00,1.00,2.78,4.33,4.33,23.7,2.000,0.691,4.33
68000,211,1082,8.7,0.3,0.1,0.0,7.6,0.0,1.14,12.4,468,416,18.33,3.71,340,399,343,0.0,1.13,1.11,1.20,2.61,2.71,4.71,31.9,1.017,0.465,6.67
68000,446,728,29.8,0.0,8.9,0.0,6.0,0.0,1.00,0.5,168,770,29.41,35.05,323,293,112,0.0,1.00,1.00,1.00,1.86,3.87,3.92,28.2,2.000,0.660,4.01
68000,574,417,29.9,0.0,8.2,0.0,6.7,0.0,1.00,0.4,113,1049,54.75,44.31,267,125,25,0.0,1.00,1.00,1.00,1.71,3.85,3.97,24.2,2.000,0.587,4.02
68000,570,98,5.0,0.8,0.0,0.0,4.3,0.0,1.31,18.3,48,477,16.80,5.27,71,22,5,0.0,1.30,1.31,1.32,1.77,2.50,2.65,24.0,0.870,0.295,7.08
68000,601,26,32.0,0.0,9.7,0.0,6.3,0.0,1.00,0.0,3,1351,66.14,47.74,15,10,1,0.0,1.00,1.00,1.00,1.50,4.00,4.00,25.5,2.000,0.565,4.00
68000,600,6,32.0,0.0,12.0,0.0,4.0,0.0,1.00,0.0,1,1730,68.30,94.15,2,4,0,0.0,1.00,1.00,1.00,2.00,4.00,4.00,26.8,2.000,0.406,4.00
68000,591,6,26.3,0.0,7.0,0.0,6.2,0.0,1.00,1.3,3,1524,66.93,42.42,1,5,0,0.0,1.00,1.00,1.00,1.67,3.83,3.67,31.0,2.000,0.827,4.00
69000,211,728,8.1,0.4,0.1,0.0,7.0,0.0,1.18,13.3,355,541,22.70,3.51,170,236,322,0.0,1.19,1.15,1.21,2.51,2.53,4.48,35.0,1.019,0.462,6.70
69000,446,701,30.0,0.0,9.5,0.0,5.5,0.0,1.00,0.4,157,804,29.69,35.03,312,298,91,0.0,1.00,1.00,1.00,2.00,3.89,3.95,27.3,2.000,0.659,4.02
69000,574,289,30.0,0.0,7.6,0.0,7.4,0.0,1.00,0.4,68,1007,53.76,52.32,231,57,1,0.0,1.00,1.00,1.00,1.64,3.91,3.91,21.3,2.000,0.592,4.01
69000,570,224,7.9,0.7,0.0,0.0,7.2,0.0,1.25,14.5,90,382,17.28,5.70,165,32,27,0.0,1.25,1.23,1.29,2.38,3.51,3.35,23.7,0.905,0.305,6.99
69000,601,33,31.7,0.0,9.9,0.0,5.9,0.0,1.00,0.1,10,1309,70.94,38.26,16,12,5,0.0,1.00,1.00,1.00,1.91,3.97,4.00,27.6,2.000,0.622,4.00
69000,613,29,31.4,0.0,9.7,0.0,6.0,0.0,1.00,0.1,8,1186,40.38,33.92,7,19,3,0.0,1.00,1.00,1.00,2.41,3.97,4.00,28.7,2.000,0.679,4.00
69000,611,12,32.0,0.0,7.8,0.0,8.2,0.0,1.00,0.0,5,1599,36.63,46.49,7,5,0,0.0,1.00,1.00,1.00,2.17,4.00,4.00,22.7,2.000,0.780,4.00
70000,211,734,8.3,0.2,0.1,0.0,7.6,0.0,1.10,12.7,325,534,22.22,3.27,174,230,330,0.0,1.09,1.08,1.13,2.62,2.50,4.80,35.1,1.021,0.470,6.71
70000,446,565,29.8,0.0,9.1,0.0,5.8,0.0,1.00,0.4,132,884,36.65,36.55,228,244,93,0.0,1.00,1.00,1.00,1.94,3.87,3.96,28.4,2.000,0.650,4.02
70000,574,213,30.3,0.0,8.7,0.0,6.4,0.0,1.00,0.3,56,990,48.07,44.85,143,65,5,0.0,1.00,1.00,1.00,1.62,3.91,3.95,22.7,2.000,0.602,4.00
70000,570,146,9.4,0.9,0.0,0.0,7.8,0.0,1.34,12.6,81,543,25.83,7.46,113,21,12,0.0,1.32,1.31,1.38,2.49,3.36,4.12,23.3,0.959,0.299,6.82
70000,624,55,29.0,0.0,7.9,0.0,6.6,0.0,1.00,0.6,25,709,29.23,34.07,13,36,6,0.0,1.00,1.00,1.00,2.13,3.80,3.89,30.2,2.000,0.576,4.00
70000,628,44,29.6,0.0,9.0,0.0,5.8,0.0,1.00,0.4,19,1086,30.85,29.10,31,11,2,0.0,1.00,1.00,1.00,1.82,3.84,3.98,24.5,2.000,0.598,4.00
70000,613,20,31.1,0.0,8.0,0.0,7.6,0.0,1.00,0.0,8,1180,44.29,37.79,6,13,1,0.0,1.00,1.00,1.00,1.75,4.00,4.00,26.2,2.000,0.679,4.00
70000,601,19,32.1,0.0,9.9,0.0,6.2,0.0,1.00,0.2,8,1564,70.16,47.30,8,11,0,0.0,1.00,1.00,1.00,1.89,4.05,3.95,25.5,2.000,0.612,4.05
70000,629,15,32.3,0.0,2.9,0.0,13.2,0.0,1.00,0.1,4,1236,90.46,101.51,10,5,0,0.0,1.00,1.00,1.00,1.47,4.00,4.07,25.3,2.000,0.894,4.07
70000,611,10,29.2,0.0,8.9,0.0,5.7,0.0,1.00,0.8,4,1639,53.41,51.66,9,1,0,0.0,1.00,1.00,1.00,1.30,3.70,3.90,20.7,2.000,0.768,4.00
71000,211,770,8.2,0.3,0.1,0.0,7.3,0.0,1.13,12.6,360,521,22.14,2.81,206,238,326,0.0,1.12,1.11,1.16,2.65,2.53,4.83,34.6,1.011,0.475,6.68
71000,446,582,29.8,0.0,9.2,0.0,5.7,0.0,1.00,0.5,142,830,32.45,32.70,230,253,99,0.0,1.00,1.00,1.00,1.99,3.87,3.93,28.8,2.000,0.620,4.03
71000,574,204,29.9,0.0,8.7,0.0,6.3,0.0,1.00,0.5,54,1035,43.87,42.53,140,63,1,0.0,1.00,1.00,1.00,1.74,3.88,3.89,22.5,2.000,0.602,4.01
71000,633,105,29.7,0.0,9.6,0.0,5.3,0.0,1.00,0.6,42,782,30.82,29.41,71,30,4,0.0,1.00,1.00,1.00,1.92,3.84,3.99,24.8,2.000,0.533,4.07
71000,570,84,7.9,0.5,0.0,0.0,7.6,0.0,1.26,13.7,41,466,20.62,5.28,74,7,3,0.0,1.21,1.20,1.48,2.64,2.99,4.35,18.6,0.906,0.266,7.07
71000,624,59,30.8,0.0,8.5,0.0,6.9,0.0,1.00,0.1,25,772,32.00,36.05,9,37,13,0.0,1.00,1.00,1.00,2.10,3.95,4.02,32.4,2.000,0.537,4.02
71000,638,39,29.6,0.0,7.3,0.0,7.5,0.0,1.00,0.6,19,1032,34.82,45.00,11,14,14,0.0,1.00,1.00,1.00,2.13,3.87,3.90,35.6,2.000,0.862,4.03
71000,628,37,34.2,0.0,10.4,0.0,6.6,0.0,1.00,0.5,14,622,22.68,33.29,18,11,8,0.0,1.00,1.00,1.00,2.30,4.08,4.22,27.4,2.000,0.618,4.27
71000,613,25,30.0,0.0,8.7,0.0,6.3,0.0,1.00,0.4,13,760,30.03,38.88,10,4,11,0.0,1.00,1.00,1.00,2.56,4.00,3.88,33.0,2.000,0.715,4.04
71000,601,19,32.6,0.0,10.6,0.0,5.7,0.0,1.00,0.0,11,775,27.09,34.23,9,7,3,0.0,1.00,1.00,1.00,1.89,4.05,4.05,27.0,2.000,0.595,4.05
71000,629,15,29.5,0.0,3.2,0.0,11.5,0.0,1.00,0.4,4,1538,107.43,122.19,6,9,0,0.0,1.00,1.00,1.00,1.47,3.87,3.93,24.6,2.000,0.899,4.00
71000,637,9,32.0,0.0,9.2,0.0,6.8,0.0,1.00,0.0,2,1713,116.51,40.46,6,3,0,0.0,1.00,1.00,1.00,1.78,4.00,4.00,25.4,2.000,0.819,4.00
71000,611,7,31.7,0.0,9.7,0.0,6.1,0.0,1.00,0.0,3,1321,38.65,16.63,7,0,0,0.0,1.00,1.00,1.00,1.43,4.00,4.00,17.5,2.000,0.789,4.00
71000,641,6,29.3,0.0,1.7,0.0,13.0,0.0,1.00,0.7,3,832,96.99,46.09,1,5,0,0.0,1.00,1.00,1.00,2.17,3.67,4.00,29.3,2.000,0.382,4.00
72000,211,881,8.5,0.4,0.1,0.0,7.6,0.0,1.17,12.5,421,467,19.83,2.86,261,302,318,0.0,1.17,1.15,1.23,2.69,2.61,4.80,33.1,1.007,0.475,6.71
72000,446,461,29.8,0.0,9.2,0.0,5.7,0.0,1.00,0.4,108,936,34.76,35.06,226,181,54,0.0,1.00,1.00,1.00,2.00,3.86,3.93,26.4,2.000,0.645,4.01
72000,574,139,30.7,0.0,8.0,0.0,7.4,0.0,1.00,0.2,48,1012,40.24,35.78,96,40,3,0.0,1.00,1.00,1.00,1.85,3.95,4.01,22.6,2.000,0.623,4.04
72000,633,113,29.7,0.0,8.6,0.0,6.2,0.0,1.00,0.3,45,1022,35.07,38.17,81,20,12,0.0,1.00,1.00,1.00,1.99,3.92,3.96,24.4,2.000,0.512,4.02
72000,624,110,31.2,0.0,7.9,0.0,7.7,0.0,1.00,0.1,25,607,21.08,31.99,14,61,35,0.0,1.00,1.00,1.00,2.10,3.98,3.96,34.7,2.000,0.563,4.01
72000,638,29,30.3,0.0,8.1,0.0,7.1,0.0,1.00,0.5,13,826,18.06,36.75,9,9,11,0.0,1.00,1.00,1.00,2.07,3.90,3.93,33.9,2.000,0.862,4.03
72000,645,28,32.6,0.0,7.7,0.0,8.6,0.0,1.00,0.0,12,1159,40.02,22.62,16,10,2,0.0,1.00,1.00,1.00,2.18,4.04,4.04,27.7,2.000,0.458,4.04
72000,628,28,34.3,0.0,10.6,0.0,6.6,0.0,1.00,0.1,7,959,30.69,28.25,16,11,1,0.0,1.00,1.00,1.00,2.32,4.14,4.14,23.0,2.000,0.598,4.18
72000,613,24,31.5,0.0,8.5,0.0,7.2,0.0,1.00,0.1,11,929,31.86,33.33,11,8,5,0.0,1.00,1.00,1.00,2.21,3.96,4.00,30.3,2.000,0.685,4.00
72000,611,12,26.8,0.0,7.7,0.0,5.8,0.0,1.00,1.0,8,857,36.58,14.02,10,2,0,0.0,1.00,1.00,1.00,2.17,3.75,3.75,17.6,2.000,0.792,4.00
72000,629,7,30.6,0.0,3.3,0.0,12.0,0.0,1.00,0.3,2,2242,114.29,92.63,2,5,0,0.0,1.00,1.00,1.00,1.86,3.86,4.00,25.2,2.000,0.928,4.00
72000,601,7,32.0,0.0,8.7,0.0,7.3,0.0,1.00,0.0,3,1083,21.66,40.04,1,4,2,0.0,1.00,1.00,1.00,2.00,4.00,4.00,32.3,2.000,0.543,4.00
72000,646,7,25.7,0.0,9.0,0.0,3.9,0.0,1.00,1.4,4,1191,46.41,40.34,7,0,0,0.0,1.00,1.00,1.00,1.57,3.57,3.71,21.2,2.000,0.435,4.00
72000,570,6,6.7,0.0,0.0,0.0,7.2,0.0,1.00,15.7,5,815,26.55,3.49,1,3,2,0.0,1.00,1.00,1.00,2.17,3.00,3.83,36.8,0.908,0.281,7.33
73000,211,606,8.4,0.3,0.0,0.0,7.6,0.0,1.12,13.1,297,506,21.36,3.06,279,153,174,0.0,1.14,1.10,1.12,2.59,2.59,4.71,29.7,1.003,0.476,6.80
73000,446,333,29.8,0.0,9.3,0.0,5.6,0.0,1.00,0.4,95,1009,30.45,34.89,198,81,54,0.0,1.00,1.00,1.00,2.09,3.86,3.96,24.7,2.000,0.639,4.02
73000,574,99,29.5,0.0,8.7,0.0,6.1,0.0,1.00,0.6,38,998,35.60,31.71,71,24,4,0.0,1.00,1.00,1.00,1.82,3.92,3.85,22.9,2.000,0.569,4.04
73000,633,80,30.7,0.0,8.9,0.0,6.4,0.0,1.00,0.3,24,1189,32.72,32.78,52,21,7,0.0,1.00,1.00,1.00,1.81,3.95,3.90,24.3,2.000,0.540,4.00
73000,624,64,30.3,0.0,7.5,0.0,7.7,0.0,1.00,0.6,21,932,28.71,40.55,21,22,21,0.0,1.00,1.00,1.00,2.27,3.88,3.94,32.8,2.000,0.559,4.05
73000,638,12,31.7,0.0,9.2,0.0,6.6,0.0,1.00,0.3,6,1280,26.17,39.88,5,5,2,0.0,1.00,1.00,1.00,1.83,3.92,4.08,28.7,2.000,0.852,4.08
73000,645,11,32.0,0.0,9.4,0.0,6.6,0.0,1.00,0.0,5,693,13.80,23.02,4,3,4,0.0,1.00,1.00,1.00,2.82,4.00,4.00,35.7,2.000,0.650,4.00
73000,659,10,29.2,0.0,10.1,0.0,4.5,0.0,1.00,0.2,6,1246,34.23,33.99,6,3,1,0.0,1.00,1.00,1.00,2.20,4.00,3.90,23.9,2.000,0.948,4.00
73000,628,10,33.6,0.0,9.1,0.0,7.7,0.0,1.00,0.0,4,1765,63.89,55.91,7,1,2,0.0,1.00,1.00,1.00,1.90,4.10,4.10,24.8,2.000,0.558,4.10
73000,611,9,27.1,0.0,6.7,0.0,6.9,0.0,1.00,0.7,7,1107,46.86,16.15,8,1,0,0.0,1.00,1.00,1.00,2.44,3.89,3.78,16.6,2.000,0.766,4.00
73000,657,8,32.0,0.0,9.2,0.0,6.8,0.0,1.00,0.0,2,844,19.29,38.98,2,3,3,0.0,1.00,1.00,1.00,1.75,4.00,4.00,32.3,2.000,0.765,4.00
73000,613,7,31.1,0.0,9.4,0.0,6.1,0.0,1.00,0.0,2,715,29.89,14.68,6,1,0,0.0,1.00,1.00,1.00,2.43,4.00,4.00,20.6,2.000,0.678,4.00
73000,637,7,27.4,0.0,8.3,0.0,5.4,0.0,1.00,1.1,4,639,20.05,15.62,4,3,0,0.0,1.00,1.00,1.00,1.29,3.86,3.57,25.6,2.000,0.751,4.00
74000,211,596,8.0,0.4,0.0,0.2,7.3,0.0,1.15,12.6,300,670,25.71,3.34,293,176,127,0.0,1.16,1.11,1.17,2.61,2.47,4.74,27.0,0.994,0.466,6.64
74000,446,156,29.5,0.0,9.1,0.0,5.6,0.0,1.00,0.4,57,933,24.75,32.75,103,35,18,0.0,1.00,1.00,1.00,2.20,3.88,3.90,22.3,2.000,0.631,4.00
74000,574,76,31.3,0.0,8.6,0.0,7.0,0.0,1.00,0.2,25,740,22.83,18.29,60,11,5,0.0,1.00,1.00,1.00,1.96,3.96,4.00,21.3,2.000,0.590,4.03
74000,633,37,31.7,0.0,9.2,0.0,6.7,0.0,1.00,0.2,15,1302,40.49,35.62,24,8,5,0.0,1.00,1.00,1.00,2.41,4.03,3.95,24.9,2.000,0.507,4.03
74000,624,34,30.3,0.0,8.5,0.0,6.7,0.0,1.00,0.3,14,813,19.66,42.65,21,4,9,0.0,1.00,1.00,1.00,2.47,3.85,4.00,26.4,2.000,0.560,4.00
74000,611,16,29.8,0.0,4.4,0.0,10.4,0.0,1.00,0.9,10,973,55.92,33.84,16,0,0,0.0,1.00,1.00,1.00,2.44,3.94,3.75,15.5,2.000,0.716,4.06
74000,628,13,32.0,0.0,10.8,0.0,5.2,0.0,1.00,0.0,3,905,27.65,39.17,8,4,1,0.0,1.00,1.00,1.00,2.31,4.00,4.00,23.5,2.000,0.573,4.00
74000,672,13,30.9,0.0,11.3,0.0,4.2,0.0,1.00,0.0,6,480,5.36,15.79,7,3,3,0.0,1.00,1.00,1.00,2.92,4.00,4.00,27.6,2.000,0.750,4.00
74000,645,11,34.0,0.0,7.4,0.0,9.6,0.0,1.00,0.2,5,653,9.09,25.37,6,4,1,0.0,1.00,1.00,1.00,2.82,4.18,4.09,26.5,2.000,0.668,4.18
74000,637,9,32.2,0.0,10.1,0.0,6.0,0.0,1.00,0.0,5,576,16.88,26.70,1,6,2,0.0,1.00,1.00,1.00,3.11,4.11,4.11,33.7,2.000,0.794,4.11
74000,665,5,32.0,0.0,12.2,0.0,3.8,0.0,1.00,0.0,3,1162,12.64,21.33,5,0,0,0.0,1.00,1.00,1.00,1.80,4.00,4.00,19.2,2.000,0.619,4.00
75000,211,322,9.8,0.3,0.1,0.1,9.2,0.0,1.12,11.3,202,630,26.40,3.51,232,63,27,0.0,1.13,1.09,1.12,3.01,2.92,5.30,22.2,0.987,0.468,6.83
75000,446,61,31.3,0.0,10.8,0.0,4.9,0.0,1.00,0.1,25,899,20.56,30.04,44,13,4,0.0,1.00,1.00,1.00,2.39,3.98,3.98,19.3,2.000,0.654,4.00
75000,574,41,30.8,0.0,9.5,0.0,5.9,0.0,1.00,0.2,13,638,19.67,28.79,33,6,2,0.0,1.00,1.00,1.00,1.76,4.02,3.93,18.0,2.000,0.556,4.02
75000,683,26,30.5,0.0,9.1,0.0,6.1,0.0,1.00,0.3,10,931,45.68,30.34,26,0,0,0.0,1.00,1.00,1.00,1.12,3.92,3.92,1.8,2.000,0.486,4.00
75000,624,19,29.7,0.0,7.3,0.0,7.5,0.0,1.00,0.7,9,386,15.18,20.71,18,1,0,0.0,1.00,1.00,1.00,1.68,3.84,3.79,15.1,2.000,0.550,4.00
75000,633,16,27.2,0.0,8.4,0.0,5.2,0.0,1.00,1.4,9,366,9.89,21.18,10,5,1,0.0,1.00,1.00,1.00,1.88,3.75,3.75,22.7,2.000,0.453,4.06
75000,611,14,26.3,0.0,2.0,0.0,11.1,0.0,1.00,1.6,10,1010,63.25,43.44,14,0,0,0.0,1.00,1.00,1.00,2.29,3.71,3.64,14.8,2.000,0.756,4.07
75000,637,11,26.9,0.0,6.0,0.0,7.5,0.0,1.00,1.6,10,361,12.40,22.74,9,2,0,0.0,1.00,1.00,1.00,2.09,3.82,4.00,18.0,2.000,0.815,4.27
75000,645,8,32.0,0.0,9.0,0.0,7.0,0.0,1.00,0.0,1,1375,32.06,47.78,4,4,0,0.0,1.00,1.00,1.00,2.25,4.00,4.00,24.3,2.000,0.700,4.00
75000,665,7,32.0,0.0,10.6,0.0,5.4,0.0,1.00,0.0,2,770,21.34,18.60,7,0,0,0.0,1.00,1.00,1.00,1.29,4.00,4.00,19.7,2.000,0.582,4.00
76000,211,514,9.4,0.2,0.2,0.1,8.8,0.0,1.10,11.3,259,584,25.42,3.20,329,115,70,0.0,1.10,1.07,1.13,3.02,2.78,5.36,24.1,0.997,0.475,6.77
76000,574,72,33.5,0.0,11.0,0.0,5.8,0.0,1.00,0.3,23,537,11.74,31.81,47,17,8,0.0,1.00,1.00,1.00,2.82,4.08,4.11,22.8,2.000,0.521,4.17
76000,624,31,30.2,0.0,7.8,0.0,7.3,0.0,1.00,0.3,13,646,28.13,35.43,29,1,1,0.0,1.00,1.00,1.00,1.87,3.87,3.97,17.7,2.000,0.529,4.00
76000,683,27,29.8,0.0,9.7,0.0,5.2,0.0,1.00,0.3,8,1112,54.83,33.62,24,2,1,0.0,1.00,1.00,1.00,1.26,3.89,3.96,6.4,2.000,0.488,4.00
76000,645,17,30.6,0.0,8.5,0.0,6.8,0.0,1.00,0.2,7,490,9.30,23.22,7,6,4,0.0,1.00,1.00,1.00,2.65,4.00,3.88,31.5,2.000,0.689,4.00
76000,611,15,29.5,0.0,3.4,0.0,11.3,0.0,1.00,0.5,6,399,28.94,42.15,15,0,0,0.0,1.00,1.00,1.00,1.47,3.87,3.87,15.1,2.000,0.768,4.00
76000,687,14,30.6,0.0,12.0,0.0,3.3,0.0,1.00,0.1,8,1049,19.52,47.44,9,3,2,0.0,1.00,1.00,1.00,2.71,3.93,4.00,22.6,2.000,0.279,4.00
76000,446,13,30.6,0.0,11.1,0.0,4.2,0.0,1.00,0.0,9,1217,21.45,40.10,11,1,1,0.0,1.00,1.00,1.00,2.54,4.00,4.00,16.9,2.000,0.620,4.00
77000,211,773,8.2,0.2,0.1,0.0,7.7,0.0,1.07,12.8,329,768,32.49,2.65,369,207,197,0.0,1.06,1.05,1.10,2.73,2.42,5.09,28.7,1.007,0.481,6.84
77000,574,75,31.3,0.0,11.0,0.0,4.7,0.0,1.00,0.3,31,579,13.42,27.17,27,35,13,0.0,1.00,1.00,1.00,2.67,3.97,4.07,26.9,2.000,0.538,4.11
77000,624,67,30.3,0.0,9.2,0.0,5.9,0.0,1.00,0.3,21,529,13.91,28.14,34,19,14,0.0,1.00,1.00,1.00,2.57,3.93,3.94,26.5,2.000,0.554,4.00
77000,683,37,31.0,0.0,8.0,0.0,7.5,0.0,1.00,0.1,11,1382,71.39,46.92,37,0,0,0.0,1.00,1.00,1.00,1.54,3.95,4.00,6.6,2.000,0.514,4.00
77000,645,29,29.5,0.0,7.8,0.0,7.0,0.0,1.00,0.3,15,298,5.64,22.72,5,11,13,0.0,1.00,1.00,1.00,3.38,3.90,3.93,36.7,2.000,0.721,4.00
77000,687,23,33.1,0.0,10.7,0.0,5.9,0.0,1.00,0.0,13,880,16.53,30.01,5,10,8,0.0,1.00,1.00,1.00,2.65,4.13,4.13,32.8,2.000,0.269,4.13
77000,611,17,29.1,0.0,4.0,0.0,10.5,0.0,1.00,0.4,11,936,58.65,57.59,17,0,0,0.0,1.00,1.00,1.00,1.59,4.00,3.82,14.4,2.000,0.766,4.00
77000,446,17,27.8,0.0,10.3,0.0,3.6,0.0,1.00,0.9,10,1238,36.27,39.73,17,0,0,0.0,1.00,1.00,1.00,2.12,3.82,3.71,14.9,2.000,0.631,4.00
77000,633,14,67.9,0.0,24.7,0.0,9.2,0.0,1.00,0.6,9,46,0.94,14.04,9,1,4,0.0,1.00,1.00,1.00,5.14,6.00,6.00,28.0,2.000,0.749,6.14
78000,211,1011,7.7,0.2,0.1,0.2,7.1,0.0,1.10,13.8,430,455,20.57,2.49,434,348,229,0.0,1.10,1.09,1.12,2.57,2.48,4.60,29.1,1.003,0.484,6.84
78000,624,123,30.3,0.0,9.6,0.0,5.5,0.0,1.00,0.3,35,497,8.77,30.93,63,38,22,0.0,1.00,1.00,1.00,2.54,3.93,3.92,26.6,2.000,0.570,4.00
78000,645,120,29.3,0.0,8.1,0.0,6.6,0.0,1.00,0.6,39,343,5.87,21.72,37,44,39,0.0,1.00,1.00,1.00,2.62,3.87,3.88,33.5,2.000,0.716,4.01
78000,574,97,33.6,0.0,10.9,0.0,5.9,0.0,1.00,0.3,38,611,15.66,27.03,58,26,13,0.0,1.00,1.00,1.00,2.40,4.08,4.14,24.3,2.000,0.527,4.19
78000,683,55,29.4,0.0,7.1,0.0,7.6,0.0,1.00,0.5,24,899,50.12,42.60,47,4,4,0.0,1.00,1.00,1.00,1.69,3.85,3.95,11.7,2.000,0.528,4.02
78000,687,48,29.8,0.0,10.7,0.0,4.2,0.0,1.00,0.3,15,400,7.26,21.27,28,15,5,0.0,1.00,1.00,1.00,2.31,4.00,3.90,26.1,2.000,0.311,4.02
78000,446,31,28.7,0.0,8.7,0.0,5.7,0.0,1.00,0.4,20,667,22.29,17.31,15,15,1,0.0,1.00,1.00,1.00,1.87,3.84,3.97,23.7,2.000,0.601,4.00
78000,611,12,32.0,0.0,8.2,0.0,7.8,0.0,1.00,0.0,5,1338,81.01,64.13,11,0,1,0.0,1.00,1.00,1.00,1.42,4.00,4.00,16.8,2.000,0.744,4.00
79000,211,1224,8.4,0.4,0.1,0.1,7.4,0.0,1.18,13.2,526,425,19.79,3.53,498,427,299,0.0,1.17,1.15,1.26,2.61,2.59,4.69,30.4,1.006,0.481,6.82
79000,624,136,30.9,0.0,10.2,0.0,5.2,0.0,1.00,0.1,36,615,11.90,31.74,49,54,33,0.0,1.00,1.00,1.00,2.33,3.97,3.98,29.4,2.000,0.557,4.01
79000,645,134,29.7,0.0,8.1,0.0,6.8,0.0,1.00,0.5,42,484,12.72,26.22,41,55,38,0.0,1.00,1.00,1.00,2.28,3.89,3.89,31.1,2.000,0.685,4.01
79000,574,78,30.0,0.0,9.9,0.0,5.1,0.0,1.00,0.6,27,808,30.84,33.22,55,19,4,0.0,1.00,1.00,1.00,2.05,3.90,3.94,21.4,2.000,0.470,4.06
79000,446,69,30.2,0.0,11.8,0.0,3.3,0.0,1.00,0.3,22,695,18.51,27.76,44,22,3,0.0,1.00,1.00,1.00,1.91,3.87,3.96,22.7,2.000,0.666,4.00
79000,683,58,31.6,0.0,8.5,0.0,7.3,0.0,1.00,0.0,16,1052,60.59,57.40,48,7,3,0.0,1.00,1.00,1.00,1.64,3.98,4.00,14.3,2.000,0.513,4.00
79000,687,45,29.7,0.0,9.5,0.0,5.3,0.0,1.00,0.4,17,739,18.03,35.22,20,16,9,0.0,1.00,1.00,1.00,1.96,3.89,3.89,28.3,2.000,0.313,4.00
79000,611,9,32.0,0.0,10.2,0.0,5.8,0.0,1.00,0.0,5,1859,84.75,66.57,9,0,0,0.0,1.00,1.00,1.00,1.11,4.00,4.00,14.9,2.000,0.777,4.00
80000,211,1197,7.2,0.4,0.1,0.0,6.4,0.0,1.16,14.5,478,429,20.04,4.11,451,496,250,0.0,1.14,1.12,1.23,2.28,2.33,4.28,29.4,0.999,0.475,6.79
80000,645,196,30.4,0.0,8.4,0.0,6.8,0.0,1.00,0.4,51,628,17.05,28.53,73,76,47,0.0,1.00,1.00,1.00,2.17,3.95,3.90,31.0,2.000,0.681,4.03
80000,624,139,30.0,0.0,9.2,0.0,5.8,0.0,1.00,0.3,58,827,20.15,33.39,62,54,23,0.0,1.00,1.00,1.00,2.42,3.94,3.94,28.4,2.000,0.559,4.01
80000,574,102,30.3,0.0,8.2,0.0,6.9,0.0,1.00,0.4,44,1106,48.05,36.51,47,42,13,0.0,1.00,1.00,1.00,2.07,3.94,3.96,26.7,2.000,0.389,4.06
80000,683,83,30.0,0.0,7.4,0.0,7.6,0.0,1.00,0.6,33,689,33.66,32.16,77,5,1,0.0,1.00,1.00,1.00,1.82,3.93,3.86,14.5,2.000,0.541,4.04
80000,446,60,29.2,0.0,10.9,0.0,3.8,0.0,1.00,0.5,22,909,27.82,33.17,32,27,1,0.0,1.00,1.00,1.00,2.10,3.83,3.93,25.4,2.000,0.675,4.00
80000,687,36,29.9,0.0,10.5,0.0,4.4,0.0,1.00,0.5,13,1322,37.09,49.30,11,19,6,0.0,1.00,1.00,1.00,1.78,3.83,3.92,28.8,2.000,0.316,4.00
80000,703,15,29.3,0.0,9.2,0.0,5.5,0.0,1.00,0.7,6,943,54.32,19.12,15,0,0,0.0,1.00,1.00,1.00,1.07,3.73,3.93,9.2,2.000,0.628,4.00
81000,211,1204,8.5,0.7,0.1,0.1,7.1,0.0,1.29,13.3,562,428,20.36,4.47,411,488,305,0.0,1.28,1.21,1.42,2.47,2.64,4.47,31.0,0.992,0.469,6.71
81000,700,633,29.8,0.0,8.5,0.0,6.4,0.0,1.00,0.5,146,664,24.17,33.50,241,290,102,0.0,1.00,1.00,1.00,2.23,3.87,3.94,28.9,2.000,0.525,4.02
81000,645,148,30.8,0.0,8.3,0.0,7.1,0.0,1.00,0.2,26,959,37.13,35.20,62,60,26,0.0,1.00,1.00,1.00,2.11,3.95,3.95,30.1,2.000,0.692,4.00
81000,624,121,29.4,0.0,7.6,0.0,7.1,0.0,1.00,0.5,47,765,27.10,39.48,78,41,2,0.0,1.00,1.00,1.00,1.91,3.88,3.88,23.7,2.000,0.572,4.01
81000,683,67,29.6,0.0,8.1,0.0,6.8,0.0,1.00,0.6,21,1180,57.68,50.76,66,1,0,0.0,1.00,1.00,1.00,1.55,3.82,3.91,13.2,2.000,0.524,4.01
81000,446,65,27.8,0.0,9.2,0.0,4.7,0.0,1.00,0.8,28,1091,40.91,41.14,34,30,1,0.0,1.00,1.00,1.00,1.78,3.72,3.89,25.9,2.000,0.680,4.00
81000,687,63,30.4,0.0,10.0,0.0,5.2,0.0,1.00,0.3,25,524,19.63,20.50,19,31,13,0.0,1.00,1.00,1.00,2.08,3.94,3.92,31.1,2.000,0.347,4.00
81000,707,47,30.0,0.0,10.9,0.0,4.1,0.0,1.00,0.6,20,1376,46.27,48.29,28,11,8,0.0,1.00,1.00,1.00,1.79,3.87,3.94,25.9,2.000,0.414,4.04
81000,574,43,29.8,0.0,9.2,0.0,5.7,0.0,1.00,0.6,16,1513,70.67,44.81,32,9,2,0.0,1.00,1.00,1.00,2.16,3.88,3.93,21.1,2.000,0.360,4.05
81000,693,32,29.2,0.0,9.6,0.0,5.0,0.0,1.00,0.6,11,1415,75.47,33.97,22,10,0,0.0,1.00,1.00,1.00,1.81,3.78,3.91,24.1,2.000,0.829,4.00
81000,703,13,30.2,0.0,9.4,0.0,5.7,0.0,1.00,0.3,5,1605,81.85,30.92,13,0,0,0.0,1.00,1.00,1.00,1.15,3.85,4.00,9.4,2.000,0.634,4.00
81000,611,8,26.8,0.0,10.1,0.0,3.2,0.0,1.00,1.5,5,1060,56.31,15.15,8,0,0,0.0,1.00,1.00,1.00,1.38,3.62,3.62,14.5,2.000,0.766,4.00
81000,709,7,29.4,0.0,6.6,0.0,8.1,0.0,1.00,0.3,4,1019,45.94,33.92,6,1,0,0.0,1.00,1.00,1.00,1.43,3.86,4.00,17.5,2.000,0.571,4.00
82000,211,1223,7.7,0.6,0.1,0.0,6.7,0.0,1.27,13.8,532,455,21.56,5.12,491,435,297,0.0,1.26,1.22,1.36,2.35,2.49,4.33,29.8,0.986,0.471,6.72
82000,700,732,29.9,0.0,8.8,0.0,6.1,0.0,1.00,0.5,177,763,28.63,39.54,304,289,139,0.0,1.00,1.00,1.00,2.25,3.89,3.92,29.1,2.000,0.527,4.02
82000,645,158,30.0,0.0,7.5,0.0,7.6,0.0,1.00,0.4,42,980,50.91,34.49,78,65,15,0.0,1.00,1.00,1.00,2.23,3.87,3.94,27.6,2.000,0.666,4.01
82000,624,106,30.8,0.0,8.1,0.0,7.3,0.0,1.00,0.2,30,840,42.30,51.34,69,35,2,0.0,1.00,1.00,1.00,1.83,3.92,3.97,24.1,2.000,0.559,4.00
82000,687,71,29.6,0.0,9.6,0.0,5.2,0.0,1.00,0.6,28,664,22.18,27.69,47,21,3,0.0,1.00,1.00,1.00,2.13,3.87,3.83,24.6,2.000,0.373,4.00
82000,683,65,30.6,0.0,8.6,0.0,6.7,0.0,1.00,0.2,17,1266,68.02,44.94,64,1,0,0.0,1.00,1.00,1.00,1.62,3.92,3.95,11.4,2.000,0.535,4.00
82000,693,50,30.8,0.0,10.1,0.0,5.3,0.0,1.00,0.6,17,1229,68.11,34.00,31,16,3,0.0,1.00,1.00,1.00,2.30,3.96,4.00,24.5,2.000,0.815,4.12
82000,707,46,30.8,0.0,8.8,0.0,6.6,0.0,1.00,0.2,21,965,43.08,44.14,36,10,0,0.0,1.00,1.00,1.00,1.67,3.93,4.04,21.6,2.000,0.362,4.04
82000,446,42,27.3,0.0,9.8,0.0,3.9,0.0,1.00,0.9,19,740,31.78,29.54,34,8,0,0.0,1.00,1.00,1.00,1.79,3.71,3.86,23.4,2.000,0.620,4.00
82000,574,36,30.1,0.0,7.9,0.0,7.1,0.0,1.00,0.5,17,1081,66.85,43.75,28,6,2,0.0,1.00,1.00,1.00,1.61,3.89,3.97,21.9,2.000,0.312,4.06
82000,703,20,28.0,0.0,8.8,0.0,5.2,0.0,1.00,1.0,12,998,44.96,29.20,18,1,1,0.0,1.00,1.00,1.00,1.55,3.75,3.75,13.3,2.000,0.575,4.00
82000,709,14,32.3,0.0,6.6,0.0,9.5,0.0,1.00,0.0,6,579,39.21,26.29,13,1,0,0.0,1.00,1.00,1.00,2.43,4.07,4.07,20.2,2.000,0.583,4.07
82000,611,6,34.0,0.0,9.7,0.0,7.3,0.0,1.00,0.0,5,1467,59.37,18.43,6,0,0,0.0,1.00,1.00,1.00,2.17,4.17,4.17,14.3,2.000,0.796,4.17
83000,211,1260,7.7,0.5,0.1,0.1,6.8,0.0,1.22,14.4,563,468,21.72,5.27,550,406,304,0.0,1.19,1.17,1.32,2.37,2.46,4.40,28.9,1.001,0.476,6.83
83000,700,831,29.6,0.0,8.6,0.0,6.2,0.0,1.00,0.5,201,840,34.46,40.41,309,367,155,0.0,1.00,1.00,1.00,2.20,3.87,3.91,29.6,2.000,0.528,4.02
83000,645,160,30.4,0.0,8.0,0.0,7.2,0.0,1.00,0.4,40,979,51.60,41.92,82,58,20,0.0,1.00,1.00,1.00,2.12,3.92,3.91,27.8,2.000,0.645,4.01
83000,624,139,29.7,0.0,8.0,0.0,6.9,0.0,1.00,0.5,35,965,52.80,57.86,101,35,3,0.0,1.00,1.00,1.00,1.83,3.83,3.91,23.2,2.000,0.570,4.01
83000,683,57,31.0,0.0,9.1,0.0,6.4,0.0,1.00,0.4,19,1093,58.83,37.35,56,0,1,0.0,1.00,1.00,1.00,1.61,3.96,3.96,12.5,2.000,0.523,4.05
83000,693,55,27.7,0.0,8.7,0.0,5.2,0.0,1.00,0.9,26,798,37.33,30.19,29,26,0,0.0,1.00,1.00,1.00,2.11,3.76,3.98,25.2,2.000,0.826,4.09
83000,687,51,29.1,0.0,9.3,0.0,5.3,0.0,1.00,0.6,23,934,32.77,42.28,33,10,8,0.0,1.00,1.00,1.00,2.08,3.80,3.90,28.0,2.000,0.358,4.00
83000,574,43,28.0,0.0,5.0,0.0,9.1,0.0,1.00,0.6,25,643,44.10,49.41,37,6,0,0.0,1.00,1.00,1.00,2.16,3.86,3.86,20.1,2.000,0.613,4.00
83000,446,35,28.7,0.0,9.1,0.0,5.2,0.0,1.00,0.6,13,1170,50.17,45.73,20,15,0,0.0,1.00,1.00,1.00,1.57,3.71,4.00,25.1,2.000,0.567,4.00
83000,707,35,30.5,0.0,8.0,0.0,7.2,0.0,1.00,0.5,15,1196,61.99,56.56,26,8,1,0.0,1.00,1.00,1.00,1.66,3.91,3.89,22.5,2.000,0.337,4.03
83000,703,21,32.0,0.0,12.6,0.0,3.4,0.0,1.00,0.0,4,635,18.25,22.31,14,4,3,0.0,1.00,1.00,1.00,2.10,4.00,4.00,19.6,2.000,0.588,4.00
83000,712,12,26.8,0.0,7.4,0.0,6.0,0.0,1.00,1.3,5,1167,83.73,69.32,3,9,0,0.0,1.00,1.00,1.00,1.92,3.58,3.75,26.4,2.000,0.658,4.00
83000,711,9,34.0,0.0,11.8,0.0,5.2,0.0,1.00,0.0,3,1484,54.19,37.81,7,1,1,0.0,1.00,1.00,1.00,2.11,4.11,4.11,20.1,2.000,0.270,4.11
83000,709,8,34.2,0.0,6.5,0.0,10.6,0.0,1.00,0.0,2,1495,121.88,58.47,8,0,0,0.0,1.00,1.00,1.00,2.50,4.12,4.12,18.3,2.000,0.570,4.12
84000,211,1168,7.0,0.5,0.1,0.0,6.0,0.0,1.23,14.6,508,468,19.97,5.47,509,349,310,0.0,1.21,1.19,1.33,2.19,2.41,3.89,29.7,1.006,0.478,6.69
84000,700,926,30.2,0.0,8.8,0.0,6.3,0.0,1.00,0.5,201,833,35.69,39.07,370,387,169,0.0,1.00,1.00,1.00,2.17,3.91,3.94,29.5,2.000,0.519,4.03
84000,624,186,30.5,0.0,8.6,0.0,6.7,0.0,1.00,0.4,41,898,41.80,43.61,124,41,21,0.0,1.00,1.00,1.00,1.97,3.89,3.94,24.8,2.000,0.581,4.00
84000,645,173,29.7,0.0,6.9,0.0,8.0,0.0,1.00,0.4,47,752,41.62,40.07,81,75,17,0.0,1.00,1.00,1.00,2.06,3.85,3.96,28.0,2.000,0.643,4.01
84000,693,70,21.1,0.0,5.2,0.0,5.3,0.0,1.00,3.6,27,939,45.32,38.05,53,12,5,0.0,1.00,1.00,1.00,1.83,3.04,3.26,24.6,2.000,0.851,4.06
84000,683,62,29.4,0.0,8.2,0.0,6.5,0.0,1.00,0.5,24,844,40.64,29.04,61,1,0,0.0,1.00,1.00,1.00,1.66,3.85,3.90,9.3,2.000,0.539,4.00
84000,446,43,28.5,0.0,10.7,0.0,3.6,0.0,1.00,1.0,15,859,33.75,46.73,30,6,7,0.0,1.00,1.00,1.00,2.00,3.67,3.81,24.1,2.000,0.617,4.00
84000,574,32,25.9,0.0,6.3,0.0,6.6,0.0,1.00,1.9,17,1017,53.89,72.38,24,8,0,0.0,1.00,1.00,1.00,1.72,3.56,3.50,23.2,2.000,0.577,4.00
84000,707,30,31.1,0.0,7.4,0.0,8.1,0.0,1.00,0.1,13,1568,86.08,82.17,22,5,3,0.0,1.00,1.00,1.00,1.63,3.97,4.00,23.1,2.000,0.350,4.00
84000,687,28,29.4,0.0,9.0,0.0,5.7,0.0,1.00,0.6,14,1438,59.16,55.52,20,6,2,0.0,1.00,1.00,1.00,2.21,3.86,3.86,25.6,2.000,0.348,4.00
84000,703,22,30.9,0.0,12.4,0.0,3.0,0.0,1.00,0.3,7,1212,29.09,23.34,16,5,1,0.0,1.00,1.00,1.00,2.23,3.91,3.95,18.5,2.000,0.589,4.00
84000,712,8,30.0,0.0,7.8,0.0,7.2,0.0,1.00,0.2,4,1893,151.29,117.93,2,6,0,0.0,1.00,1.00,1.00,1.38,3.88,4.00,27.3,2.000,0.649,4.00
84000,709,6,35.0,0.0,6.3,0.0,11.2,0.0,1.00,0.0,2,2270,252.56,118.61,6,0,0,0.0,1.00,1.00,1.00,3.67,4.17,4.17,19.1,2.000,0.563,4.17
85000,211,1189,7.2,0.4,0.1,0.0,6.2,0.0,1.21,14.6,510,453,20.34,5.83,570,327,292,0.0,1.19,1.18,1.27,2.27,2.48,4.10,29.1,1.016,0.479,6.80
85000,700,816,30.0,0.0,8.6,0.0,6.3,0.0,1.00,0.5,207,872,39.38,43.01,356,326,134,0.0,1.00,1.00,1.00,2.21,3.89,3.93,28.4,2.000,0.523,4.04
85000,624,215,29.9,0.0,8.4,0.0,6.6,0.0,1.00,0.5,51,831,39.98,39.92,157,48,10,0.0,1.00,1.00,1.00,2.04,3.87,3.89,22.9,2.000,0.565,4.00
85000,645,196,30.1,0.0,7.3,0.0,7.8,0.0,1.00,0.6,60,875,52.87,49.59,113,66,17,0.0,1.00,1.00,1.00,2.07,3.87,3.93,25.9,2.000,0.645,4.05
85000,574,63,28.5,0.0,6.8,0.0,7.4,0.0,1.00,0.8,21,761,35.10,51.23,38,23,2,0.0,1.00,1.00,1.00,2.11,3.81,3.78,25.4,2.000,0.563,4.00
85000,693,59,15.7,0.0,3.4,0.0,4.5,0.0,1.00,5.3,29,878,47.19,31.08,54,4,1,0.0,1.00,1.00,1.00,1.54,2.44,2.97,22.8,2.000,0.856,4.03
85000,683,47,29.8,0.0,8.3,0.0,6.6,0.0,1.00,0.4,19,1261,64.81,44.02,38,8,1,0.0,1.00,1.00,1.00,1.57,3.89,3.89,15.0,2.000,0.527,4.00
85000,687,42,30.0,0.0,9.9,0.0,5.1,0.0,1.00,0.3,15,912,43.46,35.60,26,15,1,0.0,1.00,1.00,1.00,1.90,3.90,3.98,25.6,2.000,0.365,4.00
85000,446,39,29.6,0.0,10.5,0.0,4.3,0.0,1.00,0.4,17,1032,41.70,68.54,33,5,1,0.0,1.00,1.00,1.00,1.77,3.90,3.90,20.3,2.000,0.622,4.00
85000,720,25,30.3,0.0,7.2,0.0,7.9,0.0,1.00,0.0,11,484,24.67,37.14,16,5,4,0.0,1.00,1.00,1.00,2.24,4.00,4.00,28.5,2.000,0.498,4.00
85000,707,15,31.7,0.0,3.9,0.0,12.0,0.0,1.00,0.0,6,1412,114.03,111.33,10,5,0,0.0,1.00,1.00,1.00,1.27,4.00,4.00,24.0,2.000,0.331,4.00
85000,703,14,31.9,0.0,12.1,0.0,3.9,0.0,1.00,0.0,6,1994,31.26,29.01,11,3,0,0.0,1.00,1.00,1.00,2.64,4.00,4.00,17.7,2.000,0.612,4.00
85000,712,6,31.7,0.0,6.3,0.0,9.5,0.0,1.00,0.0,3,1681,119.49,69.23,2,4,0,0.0,1.00,1.00,1.00,1.33,4.00,4.00,26.8,2.000,0.675,4.00
86000,700,884,30.8,0.0,8.6,0.0,6.8,0.0,1.00,0.4,198,864,41.09,46.18,379,364,141,0.0,1.00,1.00,1.00,2.16,3.92,3.97,28.5,2.000,0.524,4.05
86000,211,663,7.8,0.3,0.3,0.0,6.7,0.0,1.13,14.2,336,533,23.77,5.40,258,150,255,0.0,1.12,1.10,1.17,2.37,2.51,4.18,33.0,1.041,0.486,6.77
86000,645,236,30.2,0.0,7.5,0.0,7.7,0.0,1.00,0.4,65,796,47.46,43.14,141,86,9,0.0,1.00,1.00,1.00,1.83,3.89,3.96,24.2,2.000,0.624,4.03
86000,624,191,28.4,0.0,6.9,0.0,7.3,0.0,1.00,1.1,56,974,47.28,44.57,132,52,7,0.0,1.00,1.00,1.00,1.83,3.79,3.74,22.3,2.000,0.552,4.02
86000,683,62,30.1,0.0,8.5,0.0,6.5,0.0,1.00,0.3,25,995,50.42,32.08,31,30,1,0.0,1.00,1.00,1.00,1.97,3.90,3.97,21.1,2.000,0.525,4.00
86000,574,60,29.2,0.0,8.4,0.0,6.2,0.0,1.00,0.6,17,939,50.93,54.41,45,9,6,0.0,1.00,1.00,1.00,1.98,3.82,3.92,24.6,2.000,0.593,4.02
86000,729,56,25.2,0.0,6.2,0.0,6.4,0.0,1.00,1.9,22,666,37.53,33.30,27,28,1,0.0,1.00,1.00,1.00,1.79,3.52,3.52,26.3,2.000,0.405,4.00
86000,446,48,31.2,0.0,9.2,0.0,6.4,0.0,1.00,0.0,20,986,39.79,47.80,29,17,2,0.0,1.00,1.00,1.00,1.77,4.00,3.98,24.1,2.000,0.679,4.00
86000,693,37,19.4,0.0,4.9,0.0,4.8,0.0,1.00,4.1,18,979,49.78,29.00,31,6,0,0.0,1.00,1.00,1.00,1.76,2.95,3.03,23.2,2.000,0.846,4.00
86000,720,37,25.9,0.0,5.7,0.0,7.3,0.0,1.00,1.8,20,773,37.38,37.43,24,13,0,0.0,1.00,1.00,1.00,1.86,3.57,3.73,23.1,2.000,0.478,4.11
86000,730,33,25.9,0.0,5.7,0.0,7.2,0.0,1.00,1.2,17,741,54.73,32.86,2,26,5,0.0,1.00,1.00,1.00,1.67,3.61,3.82,31.9,2.000,0.225,4.00
86000,707,29,31.7,0.0,2.5,0.0,13.3,0.0,1.00,0.0,9,614,72.33,68.23,17,12,0,0.0,1.00,1.00,1.00,1.28,4.03,4.03,25.1,2.000,0.335,4.03
86000,687,21,30.2,0.0,10.0,0.0,5.1,0.0,1.00,0.6,8,1306,58.44,43.50,14,7,0,0.0,1.00,1.00,1.00,2.05,3.86,3.86,23.6,2.000,0.304,4.00
86000,728,8,31.8,0.0,11.9,0.0,4.0,0.0,1.00,0.0,3,945,33.01,23.27,6,2,0,0.0,1.00,1.00,1.00,1.50,4.00,4.00,17.9,2.000,0.205,4.00
86000,712,8,31.2,0.0,2.5,0.0,13.1,0.0,1.00,0.0,3,755,65.41,29.45,5,3,0,0.0,1.00,1.00,1.00,1.38,4.00,4.00,24.0,2.000,0.728,4.00
87000,700,905,30.1,0.0,8.4,0.0,6.7,0.0,1.00,0.5,213,808,36.81,41.51,426,310,169,0.0,1.00,1.00,1.00,2.13,3.91,3.92,28.5,2.000,0.527,4.05
87000,211,859,7.7,0.3,0.1,0.0,6.9,0.0,1.16,14.1,421,454,19.75,4.40,295,262,302,0.0,1.16,1.12,1.24,2.38,2.51,4.35,32.2,1.010,0.485,6.83
87000,645,302,30.0,0.0,6.9,0.0,8.1,0.0,1.00,0.5,79,774,45.39,41.18,146,128,28,0.0,1.00,1.00,1.00,1.88,3.85,3.97,26.6,2.000,0.642,4.03
87000,624,189,30.1,0.0,7.7,0.0,7.3,0.0,1.00,0.3,45,964,42.94,46.97,144,39,6,0.0,1.00,1.00,1.00,1.86,3.88,3.95,22.9,2.000,0.559,4.00
87000,729,50,28.6,0.0,7.5,0.0,6.8,0.0,1.00,1.2,14,930,50.63,38.26,35,15,0,0.0,1.00,1.00,1.00,1.72,3.74,3.70,24.6,2.000,0.389,4.02
87000,574,49,29.5,0.0,8.7,0.0,6.1,0.0,1.00,0.4,20,1344,66.38,57.03,45,4,0,0.0,1.00,1.00,1.00,1.80,3.86,3.94,22.2,2.000,0.577,4.00
87000,683,39,28.6,0.0,7.7,0.0,6.6,0.0,1.00,0.7,15,692,26.26,23.66,33,6,0,0.0,1.00,1.00,1.00,1.51,3.74,3.95,14.3,2.000,0.709,4.03
87000,446,33,31.8,0.0,8.8,0.0,7.1,0.0,1.00,0.0,13,1627,71.01,57.18,24,9,0,0.0,1.00,1.00,1.00,1.42,4.00,4.00,22.7,2.000,0.654,4.00
87000,707,27,31.1,0.0,2.0,0.0,13.6,0.0,1.00,0.3,10,992,98.83,96.36,18,8,1,0.0,1.00,1.00,1.00,1.52,3.89,4.04,24.4,2.000,0.340,4.04
87000,730,24,27.8,0.0,5.9,0.0,8.0,0.0,1.00,1.1,11,1376,105.12,67.81,1,22,1,0.0,1.00,1.00,1.00,1.42,3.71,3.75,30.0,2.000,0.232,4.00
87000,687,22,30.6,0.0,7.5,0.0,7.8,0.0,1.00,0.1,13,1029,40.26,26.48,5,17,0,0.0,1.00,1.00,1.00,1.41,4.00,3.95,27.4,2.000,0.242,4.00
87000,720,17,32.0,0.0,8.1,0.0,7.9,0.0,1.00,0.0,2,1122,59.29,70.21,6,7,4,0.0,1.00,1.00,1.00,2.18,4.00,4.00,28.4,2.000,0.502,4.00
87000,693,8,32.0,0.0,9.0,0.0,7.0,0.0,1.00,0.0,1,1263,69.32,35.30,7,1,0,0.0,1.00,1.00,1.00,2.75,4.00,4.00,21.4,2.000,0.852,4.00
87000,728,7,28.6,0.0,7.3,0.0,7.0,0.0,1.00,0.9,4,920,29.08,38.48,6,1,0,0.0,1.00,1.00,1.00,1.86,4.00,3.57,19.4,2.000,0.166,4.00
87000,738,6,26.3,0.0,0.0,0.0,13.2,0.0,1.00,2.0,3,1348,149.88,37.48,6,0,0,0.0,1.00,1.00,1.00,2.17,3.50,3.50,21.4,2.000,0.690,4.00
87000,712,5,27.2,0.0,3.4,0.0,10.2,0.0,1.00,0.4,4,1574,131.57,59.85,2,3,0,0.0,1.00,1.00,1.00,1.60,3.80,4.00,25.2,2.000,0.748,4.00
88000,211,827,8.2,0.4,0.1,0.1,7.4,0.0,1.16,13.3,403,420,18.86,3.57,293,234,300,0.0,1.16,1.12,1.25,2.51,2.68,4.64,31.8,0.991,0.485,6.80
88000,700,559,30.9,0.0,7.9,0.0,7.6,0.0,1.00,0.4,127,939,45.18,43.94,295,189,75,0.0,1.00,1.00,1.00,2.11,3.94,3.97,27.0,2.000,0.569,4.06
88000,645,327,30.1,0.0,7.3,0.0,7.8,0.0,1.00,0.5,83,814,39.75,39.07,143,145,39,0.0,1.00,1.00,1.00,2.06,3.90,3.91,27.3,2.000,0.654,4.02
88000,624,207,29.7,0.0,8.1,0.0,6.7,0.0,1.00,0.5,58,846,36.26,45.80,140,55,12,0.0,1.00,1.00,1.00,1.95,3.86,3.90,24.9,2.000,0.599,4.00
88000,574,102,30.0,0.0,8.1,0.0,6.9,0.0,1.00,0.4,36,973,54.61,43.51,57,43,2,0.0,1.00,1.00,1.00,1.63,3.87,3.93,25.0,2.000,0.374,4.00
88000,729,61,31.0,0.0,8.5,0.0,7.0,0.0,1.00,0.2,21,709,36.04,33.89,35,22,4,0.0,1.00,1.00,1.00,2.02,3.93,4.00,26.5,2.000,0.349,4.02
88000,446,42,29.7,0.0,6.6,0.0,8.3,0.0,1.00,0.6,21,685,35.06,28.65,17,24,1,0.0,1.00,1.00,1.00,1.93,3.83,3.95,27.2,2.000,0.688,4.05
88000,683,21,32.7,0.0,7.2,0.0,9.1,0.0,1.00,0.0,6,879,33.84,28.48,19,2,0,0.0,1.00,1.00,1.00,1.71,4.05,4.05,13.6,2.000,0.656,4.05
88000,707,21,29.3,0.0,2.5,0.0,12.1,0.0,1.00,0.5,11,1382,136.65,139.09,13,8,0,0.0,1.00,1.00,1.00,1.43,3.81,3.95,24.2,2.000,0.317,4.00
88000,730,21,25.6,0.0,4.9,0.0,7.9,0.0,1.00,1.7,11,1279,86.26,96.83,2,19,0,0.0,1.00,1.00,1.00,1.19,3.57,3.57,29.2,2.000,0.227,4.00
88000,720,11,32.0,0.0,7.3,0.0,8.7,0.0,1.00,0.0,2,1511,101.38,62.61,10,0,1,0.0,1.00,1.00,1.00,2.45,4.00,4.00,24.8,2.000,0.493,4.00
88000,746,11,26.2,0.0,4.3,0.0,8.8,0.0,1.00,1.5,6,1208,92.93,57.24,6,4,1,0.0,1.00,1.00,1.00,1.73,3.73,3.55,24.6,2.000,0.537,4.00
88000,693,9,30.4,0.0,8.3,0.0,6.9,0.0,1.00,0.2,2,1283,59.74,28.99,7,2,0,0.0,1.00,1.00,1.00,2.00,4.00,3.89,23.6,2.000,0.860,4.00
88000,687,8,30.2,0.0,10.6,0.0,4.5,0.0,1.00,0.0,6,769,16.81,41.14,0,8,0,0.0,1.00,1.00,1.00,2.12,4.00,4.00,32.1,2.000,0.263,4.00
88000,712,7,25.4,0.0,9.0,0.0,3.7,0.0,1.00,0.9,6,623,39.76,11.07,1,6,0,0.0,1.00,1.00,1.00,3.14,3.71,3.86,28.5,2.000,0.783,4.00
88000,738,7,29.7,0.0,0.7,0.0,14.1,0.0,1.00,0.6,3,550,30.52,12.24,7,0,0,0.0,1.00,1.00,1.00,2.00,3.86,3.86,19.8,2.000,0.668,4.00
89000,211,838,7.4,0.4,0.1,0.0,6.4,0.0,1.21,14.1,366,443,19.27,3.61,259,257,322,0.0,1.20,1.16,1.31,2.42,2.42,4.53,33.2,0.996,0.480,6.83
89000,700,644,30.6,0.0,8.7,0.0,6.6,0.0,1.00,0.3,116,1000,44.19,42.46,340,238,66,0.0,1.00,1.00,1.00,2.09,3.92,3.94,26.4,2.000,0.545,4.01
89000,645,340,30.5,0.0,7.4,0.0,7.9,0.0,1.00,0.4,74,780,36.57,39.45,124,152,64,0.0,1.00,1.00,1.00,2.12,3.94,3.92,29.4,2.000,0.653,4.02
89000,624,118,29.7,0.0,8.8,0.0,6.1,0.0,1.00,0.4,33,1113,46.30,49.68,84,30,4,0.0,1.00,1.00,1.00,1.82,3.86,3.92,24.9,2.000,0.607,4.00
89000,574,66,28.9,0.0,8.3,0.0,6.1,0.0,1.00,0.8,22,834,46.15,42.20,43,18,5,0.0,1.00,1.00,1.00,2.11,3.85,3.77,25.1,2.000,0.561,4.00
89000,720,34,30.5,0.0,8.6,0.0,6.6,0.0,1.00,0.1,10,510,30.99,25.72,11,17,6,0.0,1.00,1.00,1.00,2.32,4.00,3.94,29.6,2.000,0.470,4.00
89000,729,32,31.1,0.0,8.5,0.0,7.0,0.0,1.00,0.3,8,843,42.23,34.84,21,11,0,0.0,1.00,1.00,1.00,1.53,3.94,3.91,26.0,2.000,0.371,4.00
89000,730,27,27.7,0.0,5.6,0.0,8.2,0.0,1.00,1.0,14,538,37.70,37.21,3,24,0,0.0,1.00,1.00,1.00,1.37,3.70,3.78,27.9,2.000,0.240,4.00
89000,683,25,29.8,0.0,6.6,0.0,8.3,0.0,1.00,0.5,12,840,39.65,46.76,20,5,0,0.0,1.00,1.00,1.00,1.76,3.84,4.00,20.0,2.000,0.600,4.04
89000,707,22,28.5,0.0,1.5,0.0,12.8,0.0,1.00,0.8,11,955,83.46,93.20,13,8,1,0.0,1.00,1.00,1.00,1.41,3.73,3.86,26.6,2.000,0.394,4.00
89000,446,11,30.5,0.0,9.2,0.0,6.1,0.0,1.00,0.2,3,997,33.46,37.15,9,2,0,0.0,1.00,1.00,1.00,1.91,3.91,4.00,23.5,2.000,0.708,4.00
89000,746,6,24.3,0.0,3.8,0.0,8.3,0.0,1.00,2.0,4,1245,86.09,53.89,5,1,0,0.0,1.00,1.00,1.00,1.33,3.50,3.50,22.2,2.000,0.507,4.00
89000,738,6,32.0,0.0,0.8,0.0,15.2,0.0,1.00,0.0,2,875,67.56,18.95,5,1,0,0.0,1.00,1.00,1.00,2.00,4.00,4.00,23.9,2.000,0.621,4.00
89000,728,6,10.3,0.0,0.0,0.0,5.2,0.0,1.00,10.0,3,182,11.12,3.47,0,6,0,0.0,1.00,1.00,1.00,1.50,2.83,1.83,27.3,1.999,0.111,4.83
90000,211,861,7.5,0.4,0.1,0.0,6.7,0.0,1.17,13.9,373,381,17.00,3.69,322,232,307,0.0,1.17,1.14,1.23,2.42,2.38,4.48,32.0,0.989,0.474,6.78
90000,700,451,29.5,0.0,7.7,0.0,7.0,0.0,1.00,0.7,121,858,36.76,38.20,249,148,54,0.0,1.00,1.00,1.00,2.10,3.86,3.89,26.8,2.000,0.568,4.04
90000,645,207,30.1,0.0,6.8,0.0,8.3,0.0,1.00,0.5,58,1062,58.03,52.23,91,81,35,0.0,1.00,1.00,1.00,2.14,3.91,3.89,28.6,2.000,0.627,4.03
90000,624,101,29.2,0.0,8.5,0.0,6.0,0.0,1.00,0.6,36,943,43.53,32.60,61,36,4,0.0,1.00,1.00,1.00,1.73,3.79,3.91,25.6,2.000,0.605,4.00
90000,574,55,29.6,0.0,7.8,0.0,7.0,0.0,1.00,0.4,19,1254,63.49,58.10,36,18,1,0.0,1.00,1.00,1.00,2.04,3.87,3.95,24.5,2.000,0.567,4.00
90000,729,43,30.6,0.0,9.3,0.0,6.0,0.0,1.00,0.3,13,1053,45.43,40.79,17,21,5,0.0,1.00,1.00,1.00,1.95,3.88,3.98,29.0,2.000,0.375,4.00
90000,720,32,28.9,0.0,8.5,0.0,5.9,0.0,1.00,0.6,15,586,14.89,31.69,6,14,12,0.0,1.00,1.00,1.00,2.38,3.94,3.78,37.8,2.000,0.571,4.00
90000,707,25,23.7,0.0,3.1,0.0,8.7,0.0,1.00,1.7,17,616,49.30,56.61,19,6,0,0.0,1.00,1.00,1.00,1.96,3.32,3.84,24.4,2.000,0.314,4.00
90000,683,16,30.2,0.0,7.8,0.0,7.4,0.0,1.00,0.4,7,1059,42.76,32.28,6,6,4,0.0,1.00,1.00,1.00,2.06,3.81,4.00,28.2,2.000,0.678,4.00
90000,730,14,28.6,0.0,6.3,0.0,8.0,0.0,1.00,0.4,6,1642,99.52,91.90,2,12,0,0.0,1.00,1.00,1.00,1.36,3.86,3.93,27.8,2.000,0.235,4.00
90000,738,6,32.0,0.0,0.0,0.0,16.0,0.0,1.00,0.0,1,1066,91.63,31.90,5,1,0,0.0,1.00,1.00,1.00,1.83,4.00,4.00,23.7,2.000,0.682,4.00
91000,211,816,8.6,0.5,0.1,0.1,7.5,0.0,1.21,13.4,389,418,18.31,3.69,270,255,291,0.0,1.20,1.17,1.29,2.54,2.62,4.60,32.1,0.997,0.479,6.81
91000,700,309,29.4,0.0,7.4,0.0,7.3,0.0,1.00,1.0,73,932,38.99,38.06,188,91,30,0.0,1.00,1.00,1.00,2.13,3.82,3.88,25.4,2.000,0.562,4.09
91000,645,167,29.4,0.0,7.2,0.0,7.5,0.0,1.00,0.7,59,908,42.75,45.09,73,68,26,0.0,1.00,1.00,1.00,2.13,3.86,3.86,26.5,2.000,0.694,4.03
91000,624,83,31.0,0.0,9.5,0.0,6.0,0.0,1.00,0.1,23,940,39.86,34.73,43,29,11,0.0,1.00,1.00,1.00,2.07,3.98,3.98,27.2,2.000,0.641,4.00
91000,729,54,30.1,0.0,8.9,0.0,6.1,0.0,1.00,0.3,18,852,27.18,38.73,31,11,12,0.0,1.00,1.00,1.00,1.94,3.87,3.96,29.9,2.000,0.360,4.00
91000,574,54,29.1,0.0,7.4,0.0,7.1,0.0,1.00,0.6,24,1004,42.22,56.75,38,16,0,0.0,1.00,1.00,1.00,1.83,3.83,3.87,23.0,2.000,0.531,4.00
91000,768,49,30.0,0.0,9.4,0.0,5.6,0.0,1.00,0.2,16,1279,61.26,47.04,30,17,2,0.0,1.00,1.00,1.00,1.80,3.90,3.98,16.2,2.000,0.368,4.00
91000,772,36,30.7,0.0,9.7,0.0,5.7,0.0,1.00,0.2,8,642,26.74,34.69,27,9,0,0.0,1.00,1.00,1.00,1.94,3.94,3.97,19.1,2.000,0.736,4.00
91000,720,27,29.7,0.0,7.7,0.0,7.1,0.0,1.00,0.4,12,679,24.35,34.18,12,13,2,0.0,1.00,1.00,1.00,2.48,3.89,3.93,25.2,2.000,0.513,4.00
91000,730,12,28.5,0.0,6.4,0.0,7.8,0.0,1.00,0.8,5,1420,78.03,81.87,4,8,0,0.0,1.00,1.00,1.00,1.92,3.83,3.75,25.9,2.000,0.293,4.00
91000,683,12,26.7,0.0,6.5,0.0,6.8,0.0,1.00,1.2,6,1128,46.50,35.77,2,9,1,0.0,1.00,1.00,1.00,1.83,3.50,3.92,26.8,2.000,0.725,4.00
91000,707,12,22.0,0.0,2.2,0.0,8.8,0.0,1.00,2.2,8,976,70.14,77.13,4,8,0,0.0,1.00,1.00,1.00,2.17,3.42,3.50,27.2,2.000,0.377,4.00
91000,771,10,28.2,0.0,1.3,0.0,12.8,0.0,1.00,1.0,3,1269,65.97,68.38,1,9,0,0.0,1.00,1.00,1.00,1.90,3.70,3.80,28.9,2.000,0.491,4.00
92000,211,829,8.3,0.4,0.1,0.1,7.5,0.0,1.18,13.1,398,366,16.89,3.36,285,251,293,0.0,1.17,1.15,1.24,2.58,2.60,4.66,32.0,0.975,0.477,6.76
92000,700,301,29.9,0.0,8.0,0.0,7.0,0.0,1.00,0.6,71,786,29.15,33.79,166,101,34,0.0,1.00,1.00,1.00,2.20,3.89,3.88,26.1,2.000,0.525,4.03
92000,645,108,29.7,0.0,7.7,0.0,7.2,0.0,1.00,0.5,33,952,37.99,51.40,65,34,9,0.0,1.00,1.00,1.00,2.00,3.81,3.94,23.6,2.000,0.672,4.01
92000,624,75,30.5,0.0,9.8,0.0,5.4,0.0,1.00,0.2,22,954,30.01,38.62,38,25,12,0.0,1.00,1.00,1.00,2.21,3.99,3.97,27.3,2.000,0.621,4.01
92000,768,64,30.8,0.0,9.0,0.0,6.4,0.0,1.00,0.1,24,753,31.30,38.45,48,16,0,0.0,1.00,1.00,1.00,1.92,3.95,3.98,15.1,2.000,0.498,4.00
92000,729,42,30.4,0.0,8.3,0.0,6.9,0.0,1.00,0.3,17,942,31.10,49.78,23,11,8,0.0,1.00,1.00,1.00,2.05,3.93,3.93,28.4,2.000,0.357,4.00
92000,720,35,30.2,0.0,7.3,0.0,7.8,0.0,1.00,0.3,9,429,16.99,21.09,14,13,8,0.0,1.00,1.00,1.00,2.00,3.83,4.00,31.0,2.000,0.473,4.00
92000,772,35,30.3,0.0,8.5,0.0,6.7,0.0,1.00,0.2,9,856,31.95,56.39,20,12,3,0.0,1.00,1.00,1.00,2.03,3.97,3.94,25.2,2.000,0.769,4.00
92000,574,25,30.0,0.0,8.4,0.0,6.6,0.0,1.00,0.6,12,908,31.71,37.74,18,7,0,0.0,1.00,1.00,1.00,2.12,3.80,4.00,23.3,2.000,0.613,4.04
92000,730,6,32.0,0.0,7.3,0.0,8.7,0.0,1.00,0.0,2,901,17.20,28.27,2,1,3,0.0,1.00,1.00,1.00,3.00,4.00,4.00,34.4,2.000,0.303,4.00
92000,746,6,31.3,0.0,4.7,0.0,11.0,0.0,1.00,0.0,4,164,12.08,14.91,5,1,0,0.0,1.00,1.00,1.00,1.17,4.00,4.00,23.4,2.000,0.502,4.00
92000,707,5,32.0,0.0,4.0,0.0,12.0,0.0,1.00,0.0,1,1337,76.19,80.39,1,2,2,0.0,1.00,1.00,1.00,3.00,4.00,4.00,33.0,2.000,0.309,4.00
93000,211,734,7.9,0.3,0.1,0.0,7.3,0.0,1.10,13.3,396,451,19.01,3.61,372,190,172,0.0,1.10,1.09,1.14,2.50,2.50,4.61,27.7,0.989,0.473,6.73
93000,700,170,30.6,0.0,7.9,0.0,7.4,0.0,1.00,0.3,42,838,27.21,37.64,101,40,29,0.0,1.00,1.00,1.00,2.29,3.96,3.94,25.9,2.000,0.606,4.03
93000,645,103,29.9,0.0,7.4,0.0,7.5,0.0,1.00,0.4,34,722,23.11,34.73,57,32,14,0.0,1.00,1.00,1.00,2.50,3.91,3.87,23.9,2.000,0.681,4.00
93000,768,47,31.1,0.0,9.6,0.0,6.0,0.0,1.00,0.2,16,1110,47.92,44.49,27,13,7,0.0,1.00,1.00,1.00,1.66,3.98,3.96,19.3,2.000,0.472,4.02
93000,624,41,30.8,0.0,8.9,0.0,6.5,0.0,1.00,0.2,13,1003,30.54,36.07,29,10,2,0.0,1.00,1.00,1.00,2.34,3.95,3.95,22.7,2.000,0.596,4.00
93000,787,36,30.8,0.0,7.8,0.0,7.6,0.0,1.00,0.2,15,811,26.07,34.10,25,4,7,0.0,1.00,1.00,1.00,2.50,3.94,3.94,24.9,2.000,0.437,4.00
93000,720,33,31.0,0.0,6.9,0.0,8.6,0.0,1.00,0.4,10,560,21.37,27.73,17,8,8,0.0,1.00,1.00,1.00,2.24,3.94,3.94,28.5,2.000,0.485,4.03
93000,729,30,30.9,0.0,9.6,0.0,5.9,0.0,1.00,0.2,7,833,21.04,38.61,10,11,9,0.0,1.00,1.00,1.00,2.03,4.00,3.90,33.2,2.000,0.414,4.00
93000,772,15,30.3,0.0,9.3,0.0,5.8,0.0,1.00,0.4,3,1422,45.75,82.04,8,4,3,0.0,1.00,1.00,1.00,2.47,3.93,3.87,28.9,2.000,0.774,4.00
93000,790,12,30.2,0.0,8.2,0.0,6.9,0.0,1.00,0.5,5,1135,41.49,70.94,2,8,2,0.0,1.00,1.00,1.00,1.75,3.92,3.83,33.1,2.000,0.554,4.00
93000,789,8,32.0,0.0,5.4,0.0,10.6,0.0,1.00,0.0,4,1775,71.98,79.79,0,8,0,0.0,1.00,1.00,1.00,1.25,4.00,4.00,27.7,2.000,0.173,4.00
93000,574,7,32.0,0.0,8.6,0.0,7.4,0.0,1.00,0.0,5,1654,51.81,33.46,4,3,0,0.0,1.00,1.00,1.00,2.86,4.00,4.00,24.0,2.000,0.583,4.00
93000,730,7,32.0,0.0,8.3,0.0,7.7,0.0,1.00,0.0,2,692,17.12,26.48,6,1,0,0.0,1.00,1.00,1.00,2.14,4.00,4.00,21.6,2.000,0.257,4.00
93000,798,5,36.8,0.0,15.6,0.0,2.8,0.0,1.00,0.4,3,626,11.17,46.69,5,0,0,0.0,1.00,1.00,1.00,2.20,4.40,4.20,20.9,2.000,0.410,4.40
94000,211,514,7.8,0.3,0.0,0.1,7.3,0.0,1.13,13.1,320,579,23.10,3.32,300,112,102,0.0,1.11,1.12,1.16,2.51,2.57,4.65,26.4,0.979,0.479,6.75
94000,645,76,29.6,0.0,8.2,0.0,6.6,0.0,1.00,0.6,25,666,18.19,31.79,52,16,8,0.0,1.00,1.00,1.00,2.07,3.84,3.89,20.9,2.000,0.667,4.01
94000,700,38,31.3,0.0,8.7,0.0,7.0,0.0,1.00,0.1,13,1499,48.43,61.68,23,8,7,0.0,1.00,1.00,1.00,2.24,3.97,4.00,24.5,2.000,0.612,4.00
94000,768,37,30.9,0.0,8.2,0.0,7.2,0.0,1.00,0.2,13,1431,61.79,48.73,26,5,6,0.0,1.00,1.00,1.00,1.76,3.89,4.00,16.0,2.000,0.446,4.00
94000,720,29,31.0,0.0,7.6,0.0,8.0,0.0,1.00,0.1,7,816,26.68,34.61,20,5,4,0.0,1.00,1.00,1.00,2.41,3.97,4.00,26.5,2.000,0.480,4.00
94000,802,28,29.9,0.0,9.5,0.0,5.5,0.0,1.00,0.4,12,530,16.02,26.08,23,3,2,0.0,1.00,1.00,1.00,2.61,3.89,3.89,15.9,2.000,0.514,4.00
94000,787,25,30.3,0.0,6.8,0.0,8.3,0.0,1.00,0.4,14,711,26.07,35.96,20,4,1,0.0,1.00,1.00,1.00,2.28,3.92,3.96,19.9,2.000,0.369,4.04
94000,624,24,32.7,0.0,9.5,0.0,6.8,0.0,1.00,0.0,9,1417,37.78,43.46,16,3,5,0.0,1.00,1.00,1.00,2.54,4.04,4.04,25.4,2.000,0.624,4.04
94000,729,16,30.2,0.0,9.4,0.0,5.8,0.0,1.00,0.4,6,857,28.38,33.36,9,5,2,0.0,1.00,1.00,1.00,2.06,3.88,3.94,22.9,2.000,0.389,4.00
94000,790,13,31.7,0.0,12.2,0.0,3.6,0.0,1.00,0.3,7,416,7.05,23.25,8,1,4,0.0,1.00,1.00,1.00,2.69,3.92,4.08,27.7,2.000,0.543,4.08
94000,803,7,32.0,0.0,8.4,0.0,7.6,0.0,1.00,0.0,4,1462,46.36,26.53,2,4,1,0.0,1.00,1.00,1.00,2.43,4.00,4.00,29.0,2.000,0.476,4.00
94000,805,6,32.0,0.0,13.0,0.0,3.0,0.0,1.00,0.0,1,1581,56.89,20.70,4,2,0,0.0,1.00,1.00,1.00,2.50,4.00,4.00,24.4,2.000,0.186,4.00
94000,772,5,32.0,0.0,10.0,0.0,6.0,0.0,1.00,0.0,1,1819,64.38,72.82,2,1,2,0.0,1.00,1.00,1.00,2.80,4.00,4.00,26.2,2.000,0.765,4.00
95000,211,329,9.6,0.4,0.0,0.1,8.9,0.0,1.14,12.3,199,460,18.79,2.35,237,67,25,0.0,1.13,1.13,1.19,2.92,2.73,5.17,22.0,0.985,0.483,6.86
95000,645,59,29.1,0.0,7.6,0.0,6.9,0.0,1.00,0.4,34,440,18.30,19.82,50,6,3,0.0,1.00,1.00,1.00,2.41,3.86,3.93,15.2,2.000,0.653,4.00
95000,812,28,31.3,0.0,9.5,0.0,6.2,0.0,1.00,0.1,11,694,21.03,31.97,21,4,3,0.0,1.00,1.00,1.00,2.68,4.04,4.07,22.1,2.000,0.578,4.07
95000,768,22,31.4,0.0,8.3,0.0,7.4,0.0,1.00,0.1,11,981,54.97,39.53,21,1,0,0.0,1.00,1.00,1.00,1.23,3.95,4.00,7.1,2.000,0.436,4.00
95000,729,17,29.4,0.0,9.9,0.0,4.8,0.0,1.00,0.7,9,802,32.14,41.65,16,1,0,0.0,1.00,1.00,1.00,1.82,3.71,3.94,14.5,2.000,0.390,4.00
95000,802,15,30.7,0.0,10.1,0.0,5.3,0.0,1.00,0.0,4,968,26.79,47.44,13,2,0,0.0,1.00,1.00,1.00,2.20,4.00,4.00,16.4,2.000,0.553,4.00
95000,720,14,30.1,0.0,7.2,0.0,7.9,0.0,1.00,0.3,6,1120,34.62,31.69,8,4,2,0.0,1.00,1.00,1.00,2.57,4.07,3.93,24.9,2.000,0.485,4.07
95000,787,14,31.4,0.0,10.2,0.0,5.5,0.0,1.00,0.1,5,307,7.48,23.49,14,0,0,0.0,1.00,1.00,1.00,2.57,4.00,3.93,18.5,2.000,0.646,4.00
95000,700,13,31.7,0.0,9.2,0.0,6.6,0.0,1.00,0.0,7,846,20.78,34.52,9,3,1,0.0,1.00,1.00,1.00,2.77,4.00,4.00,22.6,2.000,0.621,4.00
95000,772,6,31.3,0.0,9.7,0.0,6.0,0.0,1.00,0.0,2,932,13.99,45.47,5,0,1,0.0,1.00,1.00,1.00,2.83,4.00,4.00,20.5,2.000,0.765,4.00
96000,211,463,9.9,0.2,0.1,0.1,9.6,0.0,1.09,11.6,233,425,19.73,1.82,300,97,66,0.0,1.08,1.08,1.11,2.98,2.87,5.47,24.1,0.973,0.495,6.93
96000,645,61,28.6,0.0,8.6,0.0,5.7,0.0,1.00,0.6,31,660,27.90,28.73,44,10,7,0.0,1.00,1.00,1.00,2.30,3.77,3.95,19.9,2.000,0.630,4.00
96000,812,35,29.8,0.0,8.2,0.0,6.7,0.0,1.00,0.7,13,467,17.91,14.02,30,1,4,0.0,1.00,1.00,1.00,1.97,3.83,3.94,19.7,2.000,0.580,4.06
96000,768,27,29.5,0.0,7.9,0.0,6.8,0.0,1.00,0.4,14,1059,54.39,56.12,21,2,4,0.0,1.00,1.00,1.00,1.93,3.85,3.96,13.4,2.000,0.387,4.00
96000,802,19,31.2,0.0,9.6,0.0,6.0,0.0,1.00,0.1,6,493,12.80,19.21,18,1,0,0.0,1.00,1.00,1.00,2.37,3.95,4.00,15.1,2.000,0.519,4.00
96000,700,12,33.3,0.0,10.6,0.0,6.1,0.0,1.00,0.2,6,799,20.12,37.04,8,2,2,0.0,1.00,1.00,1.00,2.83,4.17,4.08,26.2,2.000,0.624,4.17
96000,729,10,30.2,0.0,9.3,0.0,5.8,0.0,1.00,0.2,8,1799,62.66,94.97,8,1,1,0.0,1.00,1.00,1.00,1.90,3.90,4.00,19.6,2.000,0.382,4.00
96000,720,7,29.1,0.0,6.7,0.0,7.9,0.0,1.00,0.6,4,1127,27.23,31.41,4,2,1,0.0,1.00,1.00,1.00,2.71,3.86,3.86,22.1,2.000,0.577,4.00
96000,574,6,32.0,0.0,12.2,0.0,3.8,0.0,1.00,0.0,3,706,21.00,17.72,6,0,0,0.0,1.00,1.00,1.00,1.50,4.00,4.00,14.4,2.000,0.635,4.00
97000,211,753,8.0,0.2,0.0,0.0,7.5,0.0,1.09,13.4,352,535,24.50,2.20,392,201,160,0.0,1.09,1.07,1.14,2.65,2.53,4.72,26.9,0.984,0.493,6.85
97000,812,115,30.8,0.0,9.1,0.0,6.3,0.0,1.00,0.5,37,475,15.42,20.95,82,17,16,0.0,1.00,1.00,1.00,2.45,3.90,4.02,22.7,2.000,0.581,4.10
97000,645,80,28.4,0.0,8.6,0.0,5.6,0.0,1.00,0.6,39,451,10.55,23.21,41,20,19,0.0,1.00,1.00,1.00,2.33,3.88,3.83,25.6,2.000,0.668,4.00
97000,700,40,30.0,0.0,9.6,0.0,5.4,0.0,1.00,0.8,22,305,5.50,18.35,13,7,20,0.0,1.00,1.00,1.00,2.88,3.95,3.92,34.6,2.000,0.592,4.12
97000,768,35,28.6,0.0,9.0,0.0,5.3,0.0,1.00,0.5,16,698,34.40,27.55,26,5,4,0.0,1.00,1.00,1.00,1.63,3.86,3.91,13.7,2.000,0.384,4.00
97000,624,34,28.2,0.0,9.5,0.0,4.6,0.0,1.00,0.9,15,259,5.09,12.25,12,19,3,0.0,1.00,1.00,1.00,2.94,3.76,3.79,28.8,2.000,0.680,4.00
97000,802,28,29.3,0.0,8.8,0.0,5.8,0.0,1.00,0.6,12,586,18.45,28.63,21,3,4,0.0,1.00,1.00,1.00,2.57,3.82,3.89,20.8,2.000,0.539,4.00
97000,828,19,30.3,0.0,6.3,0.0,8.9,0.0,1.00,0.4,7,754,18.92,31.91,8,7,4,0.0,1.00,1.00,1.00,2.74,3.89,4.00,29.7,2.000,0.669,4.05
97000,729,16,29.6,0.0,10.5,0.0,4.3,0.0,1.00,0.6,7,336,8.35,22.96,4,9,3,0.0,1.00,1.00,1.00,2.06,3.75,3.94,31.7,2.000,0.326,4.00
97000,574,5,32.0,0.0,8.2,0.0,7.8,0.0,1.00,0.0,2,788,45.22,24.47,5,0,0,0.0,1.00,1.00,1.00,2.00,4.00,4.00,15.1,2.000,0.571,4.00
98000,211,908,7.7,0.2,0.0,0.1,7.5,0.0,1.08,13.7,429,395,18.40,2.28,366,324,218,0.0,1.08,1.07,1.10,2.53,2.56,4.52,29.8,0.974,0.494,6.80
98000,812,181,31.7,0.0,9.9,0.0,5.9,0.0,1.00,0.4,43,636,18.18,33.90,76,52,53,0.0,1.00,1.00,1.00,2.40,3.99,4.02,30.1,2.000,0.577,4.09
98000,645,85,29.7,0.0,9.6,0.0,5.3,0.0,1.00,0.4,27,626,18.70,31.70,50,20,15,0.0,1.00,1.00,1.00,2.32,3.87,3.93,24.0,2.000,0.669,4.00
98000,802,71,29.6,0.0,9.6,0.0,5.2,0.0,1.00,0.5,24,591,16.70,36.79,43,16,12,0.0,1.00,1.00,1.00,2.37,3.87,3.90,25.4,2.000,0.565,4.00
98000,839,57,31.7,0.0,7.8,0.0,8.1,0.0,1.00,0.1,10,438,10.17,25.06,32,17,8,0.0,1.00,1.00,1.00,2.16,3.96,4.02,25.2,2.000,0.380,4.02
98000,624,56,28.6,0.0,8.9,0.0,5.4,0.0,1.00,0.7,23,523,12.95,24.52,15,23,18,0.0,1.00,1.00,1.00,2.46,3.88,3.80,33.1,2.000,0.688,4.02
98000,700,42,30.6,0.0,10.1,0.0,5.2,0.0,1.00,0.4,15,518,9.14,25.76,26,6,10,0.0,1.00,1.00,1.00,2.45,3.90,4.02,26.5,2.000,0.632,4.07
98000,768,37,30.8,0.0,9.6,0.0,5.7,0.0,1.00,0.2,12,908,36.32,32.47,32,1,4,0.0,1.00,1.00,1.00,2.14,3.95,3.97,11.6,2.000,0.380,4.00
98000,828,33,30.1,0.0,7.2,0.0,7.8,0.0,1.00,0.5,9,593,14.95,28.64,13,7,13,0.0,1.00,1.00,1.00,2.79,3.91,3.91,32.3,2.000,0.650,4.03
98000,729,27,30.1,0.0,9.6,0.0,5.5,0.0,1.00,0.4,13,631,11.93,31.58,8,9,10,0.0,1.00,1.00,1.00,2.37,3.96,3.85,31.9,2.000,0.319,4.00
98000,574,23,29.0,0.0,7.5,0.0,7.0,0.0,1.00,0.8,9,478,30.01,19.68,23,0,0,0.0,1.00,1.00,1.00,1.91,3.83,3.87,17.2,2.000,0.536,4.04
98000,720,12,28.0,0.0,6.8,0.0,7.2,0.0,1.00,0.8,6,397,8.32,31.63,7,2,3,0.0,1.00,1.00,1.00,2.17,3.75,3.83,28.0,2.000,0.452,4.00
98000,836,7,28.6,0.0,8.0,0.0,6.3,0.0,1.00,1.4,5,524,13.64,11.02,3,0,4,0.0,1.00,1.00,1.00,2.86,3.57,4.00,32.5,2.000,0.756,4.14
99000,211,1058,8.9,0.6,0.1,0.1,8.0,0.0,1.24,13.1,508,381,19.01,3.35,460,384,214,0.0,1.22,1.19,1.32,2.60,2.67,4.80,28.6,0.976,0.497,6.86
99000,812,196,30.9,0.0,9.6,0.0,5.8,0.0,1.00,0.6,52,804,25.12,38.36,81,61,54,0.0,1.00,1.00,1.00,2.40,3.96,3.94,29.6,2.000,0.561,4.09
99000,802,124,30.9,0.0,9.2,0.0,6.2,0.0,1.00,0.2,40,572,17.33,32.26,42,43,39,0.0,1.00,1.00,1.00,2.40,3.96,3.97,30.9,2.000,0.516,4.02
99000,645,103,30.3,0.0,7.7,0.0,7.4,0.0,1.00,0.2,38,793,27.64,36.29,54,35,14,0.0,1.00,1.00,1.00,1.85,3.95,3.97,24.5,2.000,0.675,4.00
99000,624,65,30.7,0.0,10.1,0.0,5.3,0.0,1.00,0.3,18,666,22.41,27.87,16,40,9,0.0,1.00,1.00,1.00,2.00,3.91,3.97,31.8,2.000,0.703,4.02
99000,700,65,29.4,0.0,9.5,0.0,5.2,0.0,1.00,0.8,21,639,13.95,33.97,26,24,15,0.0,1.00,1.00,1.00,2.54,3.83,3.80,29.9,2.000,0.652,4.02
99000,839,59,29.8,0.0,7.5,0.0,7.4,0.0,1.00,0.7,18,621,22.35,26.52,35,19,5,0.0,1.00,1.00,1.00,2.25,3.81,3.85,25.5,2.000,0.391,4.02
99000,768,52,29.0,0.0,9.2,0.0,5.3,0.0,1.00,0.8,17,797,36.79,28.80,41,8,3,0.0,1.00,1.00,1.00,1.63,3.75,3.87,17.3,2.000,0.284,4.00
99000,828,50,30.4,0.0,7.4,0.0,7.8,0.0,1.00,0.3,16,615,19.01,34.22,14,28,8,0.0,1.00,1.00,1.00,1.98,3.94,3.92,31.2,2.000,0.611,4.00
99000,841,28,31.9,0.0,9.4,0.0,6.5,0.0,1.00,0.0,9,1333,37.90,50.83,22,5,1,0.0,1.00,1.00,1.00,2.29,4.00,4.00,18.3,2.000,0.514,4.00
99000,720,24,30.9,0.0,6.5,0.0,9.0,0.0,1.00,0.2,6,467,10.44,19.56,4,9,11,0.0,1.00,1.00,1.00,2.88,4.00,3.88,35.8,2.000,0.513,4.00
99000,729,19,31.6,0.0,11.8,0.0,3.9,0.0,1.00,0.0,7,1029,24.72,34.83,14,3,2,0.0,1.00,1.00,1.00,1.95,4.00,4.00,23.7,2.000,0.323,4.00
99000,574,16,32.0,0.0,9.6,0.0,6.4,0.0,1.00,0.0,4,1202,52.09,56.92,13,3,0,0.0,1.00,1.00,1.00,2.31,4.00,4.00,19.5,2.000,0.587,4.00
99000,836,7,31.1,0.0,8.3,0.0,7.3,0.0,1.00,1.1,4,326,5.13,16.27,1,2,4,0.0,1.00,1.00,1.00,2.71,4.14,3.86,38.6,2.000,0.728,4.29
100000,211,1075,8.7,0.7,0.1,0.1,7.3,0.0,1.28,13.5,553,421,21.85,4.79,403,437,235,0.0,1.26,1.22,1.40,2.46,2.55,4.63,29.9,0.981,0.494,6.81
100000,812,265,30.6,0.0,9.3,0.0,6.0,0.0,1.00,0.5,74,692,25.26,32.33,108,86,71,0.0,1.00,1.00,1.00,2.44,4.00,4.03,31.0,2.000,0.524,4.12
100000,802,206,30.8,0.0,8.3,0.0,7.0,0.0,1.00,0.4,47,536,20.24,30.90,93,70,43,0.0,1.00,1.00,1.00,2.40,3.94,3.94,26.7,2.000,0.590,4.03
100000,768,94,28.2,0.0,9.0,0.0,5.1,0.0,1.00,0.7,36,790,37.76,30.95,61,31,2,0.0,1.00,1.00,1.00,1.88,3.72,3.94,20.8,2.000,0.314,4.00
100000,645,80,28.7,0.0,6.8,0.0,7.5,0.0,1.00,0.9,31,896,37.52,44.94,52,22,6,0.0,1.00,1.00,1.00,1.95,3.84,3.74,21.7,2.000,0.717,4.01
100000,839,77,30.4,0.0,8.2,0.0,7.1,0.0,1.00,0.3,19,661,27.84,33.28,30,33,14,0.0,1.00,1.00,1.00,2.29,3.91,3.92,28.4,2.000,0.396,4.00
100000,624,72,30.1,0.0,9.1,0.0,6.0,0.0,1.00,0.4,23,750,31.61,32.54,35,36,1,0.0,1.00,1.00,1.00,2.17,3.89,3.92,26.1,2.000,0.693,4.00
100000,700,64,29.3,0.0,9.3,0.0,5.3,0.0,1.00,0.7,29,846,24.67,37.49,22,26,16,0.0,1.00,1.00,1.00,2.53,3.84,3.88,30.9,2.000,0.653,4.03
100000,828,61,30.0,0.0,8.9,0.0,6.1,0.0,1.00,0.4,24,521,19.13,28.23,21,20,20,0.0,1.00,1.00,1.00,2.54,3.85,3.97,35.7,2.000,0.655,4.00
100000,729,60,28.5,0.0,9.4,0.0,4.9,0.0,1.00,0.7,22,614,23.88,29.33,22,35,3,0.0,1.00,1.00,1.00,2.13,3.85,3.78,27.8,2.000,0.304,4.00
100000,841,32,29.9,0.0,8.1,0.0,6.9,0.0,1.00,0.2,15,882,19.54,35.91,14,15,3,0.0,1.00,1.00,1.00,2.34,3.97,3.91,25.7,2.000,0.491,4.00
100000,574,25,31.8,0.0,9.8,0.0,6.1,0.0,1.00,0.0,7,884,34.68,41.10,15,8,2,0.0,1.00,1.00,1.00,2.20,4.00,4.00,25.1,2.000,0.601,4.00
100000,720,18,29.1,0.0,6.4,0.0,8.2,0.0,1.00,0.8,5,884,41.36,36.70,10,8,0,0.0,1.00,1.00,1.00,1.72,3.78,3.83,25.0,2.000,0.616,4.00
100000,844,11,27.8,0.0,6.5,0.0,7.5,0.0,1.00,1.1,5,865,36.04,25.90,11,0,0,0.0,1.00,1.00,1.00,1.91,3.73,3.73,11.1,2.000,0.691,4.00
