step,lineage,size,mass,hard,muscle,sensor,digestive,bite,shell,open,bodies,age,plant,meat,p0,p1,pnone,bite_any,shell_front,shell_back,shell_side,foot,len_fwd,len_side,height,density,digest,side
5000,1,697,40.2,3.8,3.2,0.4,27.4,0.0,1.73,6.1,323,1197,80.58,38.56,282,222,193,0.1,1.76,1.90,1.65,4.94,6.43,6.34,30.9,1.040,0.538,7.90
5000,8,392,28.2,0.3,12.8,4.1,9.3,0.1,1.08,2.8,288,707,28.89,27.76,259,77,56,0.2,1.11,1.04,1.09,4.20,5.65,5.61,23.0,1.129,0.566,6.26
5000,21,135,17.2,0.3,4.0,0.5,13.3,0.0,1.11,6.4,83,676,39.11,26.48,22,77,36,0.4,1.10,1.09,1.14,3.55,4.41,4.81,32.4,0.958,0.243,6.14
5000,29,96,47.4,0.0,11.8,0.0,24.5,0.0,1.01,1.9,65,710,50.26,37.41,0,12,84,0.0,1.00,1.01,1.01,5.42,6.08,6.30,52.8,1.286,0.565,6.67
5000,12,94,47.3,0.7,8.0,9.1,27.5,0.0,1.11,0.8,75,1238,94.08,45.99,31,52,11,0.1,1.19,1.04,1.10,5.56,7.04,7.01,29.2,1.137,0.438,7.22
5000,40,79,29.8,0.1,0.4,0.2,28.0,0.0,1.03,5.2,49,1190,116.13,70.02,59,15,5,0.0,1.00,1.08,1.03,4.32,5.43,5.42,21.6,1.040,0.491,6.67
5000,26,72,26.4,0.0,2.1,1.8,21.2,0.0,1.00,10.4,33,855,39.48,12.41,40,32,0,0.0,1.00,1.00,1.00,4.15,4.82,6.72,25.0,1.101,0.323,8.38
5000,7,72,61.5,17.1,11.6,2.3,11.9,2.3,6.12,1.6,53,942,42.85,28.91,0,20,52,2.4,7.38,2.25,7.74,5.76,6.67,7.06,41.9,1.045,0.667,7.26
5000,43,71,22.6,3.8,0.2,0.6,24.4,0.0,2.03,9.5,29,703,40.99,9.26,1,28,42,0.0,1.87,2.18,2.03,4.63,5.31,6.37,37.5,0.694,0.683,8.21
5000,4,66,20.3,2.6,0.0,0.7,16.8,0.0,1.78,17.6,37,579,39.52,13.00,6,24,36,0.0,2.14,1.40,1.80,3.48,4.83,4.55,38.9,0.902,0.443,9.08
5000,24,66,22.1,0.0,1.2,1.3,16.4,0.0,1.00,8.5,29,869,44.28,28.14,0,4,62,0.0,1.00,1.00,1.00,3.86,5.42,5.44,52.3,1.205,0.565,7.56
5000,15,65,24.9,0.0,0.0,3.5,27.6,0.0,1.01,4.6,33,1500,95.52,35.41,0,22,43,0.0,1.04,1.00,1.01,4.72,6.58,5.25,39.6,0.848,0.441,7.06
5000,42,63,30.9,0.0,0.3,2.6,30.0,0.0,1.00,4.5,31,1239,99.55,38.99,32,24,7,0.0,1.00,1.00,1.00,4.59,7.43,6.76,25.5,0.986,0.577,8.22
5000,81,58,28.8,0.2,0.5,0.0,25.8,0.0,1.04,6.0,27,1152,66.74,28.28,12,45,1,0.1,1.07,1.03,1.03,4.17,7.02,4.67,30.6,1.084,0.455,7.34
5000,6,51,19.9,0.0,2.4,0.2,17.1,0.0,1.00,8.2,39,942,79.56,37.22,51,0,0,0.0,1.00,1.00,1.00,4.16,5.43,5.55,19.6,1.027,0.522,7.49
5000,50,50,36.6,0.3,0.1,3.8,31.0,0.0,1.13,2.0,20,1100,81.64,35.88,7,40,3,0.0,1.11,1.07,1.21,5.12,6.24,6.46,31.3,1.104,0.409,6.82
5000,66,47,12.7,0.0,0.0,5.9,13.1,0.0,1.01,21.4,31,789,28.48,6.72,35,12,0,0.0,1.01,1.01,1.01,3.79,5.04,5.55,18.1,0.790,0.473,10.36
5000,60,40,60.1,15.4,1.4,0.1,26.8,0.1,2.54,0.9,21,1312,112.14,60.14,8,30,2,0.1,3.07,2.44,2.33,5.57,6.60,6.72,30.3,1.039,0.341,6.90
5000,11,31,12.5,0.4,0.0,3.3,13.1,0.0,1.12,16.2,23,1196,48.29,17.79,0,31,0,0.0,1.14,1.09,1.13,3.97,3.48,6.74,34.3,0.810,0.456,9.16
5000,57,30,20.2,2.2,0.2,0.3,16.6,0.0,1.66,8.8,21,1094,61.53,27.04,1,23,6,0.1,1.60,1.67,1.77,4.23,5.00,7.43,33.5,0.943,0.332,8.10
5000,49,30,46.7,1.8,9.2,0.1,25.6,0.7,1.27,1.1,23,1452,130.51,78.90,29,1,0,0.8,1.51,1.00,1.29,5.60,6.23,6.33,20.9,1.208,0.440,6.53
5000,10,30,12.4,0.2,0.0,0.0,14.3,0.0,1.06,13.7,17,933,42.52,6.42,0,27,3,0.0,1.10,1.09,1.04,3.20,6.40,4.00,33.3,0.825,0.618,8.57
5000,65,26,56.6,0.0,7.2,0.0,44.4,0.0,1.00,1.6,18,1750,152.50,73.32,17,8,1,0.0,1.00,1.00,1.00,6.38,7.65,7.77,22.0,1.089,0.667,8.12
5000,9,24,11.6,0.0,2.7,0.2,10.1,0.0,1.00,13.8,11,1260,50.15,11.48,0,0,24,0.0,1.00,1.00,1.00,3.54,5.42,4.54,44.9,0.914,0.492,8.08
5000,2,24,7.4,0.0,0.0,0.0,9.5,0.0,1.00,19.8,12,151,7.66,4.70,22,2,0,0.0,1.00,1.00,1.00,2.50,4.75,2.79,21.7,0.791,0.547,8.71
5000,30,23,36.9,3.4,1.1,0.0,24.5,0.0,1.61,9.7,13,777,49.92,13.74,5,18,0,0.0,1.45,2.02,1.52,5.65,9.09,7.39,30.8,1.144,0.430,9.96
5000,19,22,22.6,2.5,0.0,5.5,16.5,0.0,1.46,7.0,10,953,70.74,27.84,16,6,0,0.0,1.75,1.33,1.38,5.00,6.00,4.95,23.0,0.928,0.303,7.18
5000,102,21,31.5,0.7,0.0,0.2,26.6,0.0,1.09,4.7,19,1571,102.12,51.16,0,0,21,0.0,1.00,1.23,1.06,4.90,5.76,5.81,47.7,1.141,0.512,6.90
5000,47,21,26.9,0.2,0.0,0.4,25.1,0.0,1.08,4.9,16,1793,130.81,67.06,1,20,0,0.0,1.06,1.10,1.08,4.38,4.90,5.10,31.8,1.030,0.534,6.19
5000,13,20,25.6,0.0,0.0,3.5,25.1,0.0,1.00,5.2,16,793,60.25,32.20,20,0,0,0.0,1.00,1.00,1.00,4.80,5.40,5.90,18.7,0.991,0.480,6.95
5000,99,18,67.9,2.6,12.1,0.0,35.9,0.0,1.15,1.4,12,1156,79.08,60.32,0,1,17,0.0,1.00,1.61,1.00,6.44,6.83,7.44,45.0,1.270,0.539,7.50
5000,22,18,20.9,0.0,1.4,4.4,20.9,0.0,1.00,4.3,18,1302,75.62,23.01,18,0,0,0.0,1.00,1.00,1.00,4.44,5.56,5.72,15.7,0.846,0.470,6.67
5000,118,17,23.8,0.0,0.5,1.9,21.1,0.0,1.00,5.6,12,545,33.55,16.19,12,5,0,0.0,1.00,1.00,1.00,4.00,6.06,4.29,18.4,1.070,0.620,6.59
5000,101,16,32.0,4.6,0.0,1.1,26.2,0.0,2.23,2.8,10,1826,179.50,53.14,0,10,6,0.0,2.22,2.54,2.07,5.19,5.62,6.38,37.6,0.882,0.303,6.69
5000,27,16,28.1,0.1,0.0,0.0,28.2,0.0,1.12,7.6,13,1070,94.12,50.19,0,2,14,0.0,1.12,1.12,1.12,4.06,4.94,5.50,41.4,1.063,0.351,7.12
5000,56,16,35.3,2.9,0.8,2.8,21.1,0.0,1.71,8.2,13,1087,49.31,15.81,0,0,16,0.0,1.89,1.16,1.89,4.12,5.12,5.50,45.7,1.177,0.568,7.38
5000,158,15,27.9,1.1,4.1,2.3,23.2,0.0,1.29,4.5,14,1242,99.71,53.80,14,1,0,0.0,1.42,1.38,1.19,4.53,5.87,5.87,20.3,0.910,0.421,7.00
5000,96,14,38.3,0.0,4.0,8.4,22.7,0.0,1.00,2.6,7,1875,79.58,23.32,0,14,0,0.0,1.00,1.00,1.00,5.64,5.93,6.64,30.0,1.231,0.506,6.93
5000,128,14,44.0,1.1,7.0,0.4,23.0,0.4,1.27,0.6,13,1623,87.45,44.91,0,5,9,0.5,1.40,1.00,1.35,4.79,5.71,5.71,38.1,1.347,0.531,5.86
5000,37,13,35.0,0.5,7.2,26.5,21.8,0.0,1.07,0.9,10,1915,264.52,71.67,0,0,13,0.0,1.16,1.00,1.06,5.92,7.92,7.46,50.1,0.809,0.397,7.92
5000,89,12,62.9,7.4,5.0,0.0,41.8,0.8,2.06,2.5,12,1532,106.73,27.02,0,9,3,1.2,1.79,2.97,1.76,7.50,8.75,7.58,32.9,1.010,0.314,8.75
5000,115,12,37.6,0.0,18.3,0.0,9.1,0.0,1.00,0.7,11,1309,81.21,45.94,12,0,0,0.0,1.00,1.00,1.00,4.25,5.83,5.83,14.3,1.370,0.835,5.92
5000,69,11,32.6,3.5,4.4,0.2,26.5,0.0,1.58,12.0,9,1438,67.82,21.94,11,0,0,0.5,1.10,2.03,1.60,5.64,8.18,7.82,16.0,0.841,0.590,10.09
5000,73,11,22.0,0.2,1.1,0.0,26.2,0.0,1.00,4.7,9,1531,100.46,70.79,0,11,0,0.0,1.00,1.00,1.00,5.64,6.64,6.18,32.7,0.792,0.675,7.18
5000,20,11,34.2,0.6,0.9,3.6,25.4,0.0,1.03,0.0,7,1833,114.59,29.98,11,0,0,0.1,1.00,1.00,1.07,4.55,5.55,5.55,20.8,1.171,0.438,5.55
5000,161,10,16.8,0.4,1.4,0.0,16.1,0.2,1.08,6.4,8,1423,42.71,10.88,0,0,10,0.2,1.10,1.12,1.05,3.50,4.70,4.70,60.1,0.930,0.371,6.30
5000,122,10,86.6,0.0,0.0,8.7,68.9,0.0,1.00,0.0,3,1428,246.92,136.02,8,2,0,0.0,1.00,1.00,1.00,8.00,8.80,8.80,18.9,1.166,0.427,8.80
5000,86,10,36.7,0.0,12.9,0.4,24.8,0.0,1.00,2.6,9,1679,246.25,178.23,0,10,0,0.0,1.00,1.00,1.00,5.10,6.70,6.40,34.9,0.965,0.488,7.10
5000,113,9,60.3,0.0,21.1,0.4,33.0,0.0,1.00,0.2,7,1780,206.32,81.43,9,0,0,0.0,1.00,1.00,1.00,5.33,7.89,8.00,23.0,1.108,0.528,8.00
5000,55,9,74.9,27.1,0.0,0.0,35.1,0.0,8.08,0.9,9,1740,181.61,86.77,0,9,0,0.0,5.23,9.02,9.21,7.89,8.67,9.11,31.5,0.839,0.543,9.11
5000,31,9,38.0,0.0,1.7,1.3,30.8,0.0,1.00,3.6,6,1592,93.20,26.72,0,9,0,0.0,1.00,1.00,1.00,6.11,6.33,7.67,34.1,1.137,0.399,7.89
5000,34,8,23.2,0.0,0.0,0.6,21.1,0.0,1.00,5.2,7,1447,75.10,65.93,8,0,0,0.0,1.00,1.00,1.00,2.88,5.00,4.38,20.6,1.085,0.295,6.00
5000,25,8,22.4,0.0,0.4,2.1,21.8,0.0,1.00,5.2,6,915,25.37,13.92,0,2,6,0.0,1.00,1.00,1.00,4.50,4.25,5.88,40.6,0.957,0.395,6.38
5000,39,7,42.6,0.0,1.3,4.0,36.1,0.0,1.00,9.4,7,1506,169.86,104.08,1,5,1,0.0,1.00,1.00,1.00,5.71,8.14,6.57,31.4,1.070,0.487,9.29
5000,14,7,21.5,0.0,0.0,6.1,18.7,0.0,1.00,6.0,6,1385,63.06,4.60,0,1,6,0.0,1.00,1.00,1.00,4.14,5.71,5.29,53.5,0.974,0.428,7.00
5000,35,7,61.2,12.6,0.0,0.0,30.6,0.0,3.04,2.0,7,1851,116.98,54.69,0,6,1,0.0,1.62,4.74,2.92,6.14,6.71,6.57,33.3,1.098,0.466,7.14
5000,84,5,18.3,0.0,0.0,3.0,12.0,0.0,1.00,4.0,1,1462,59.28,31.86,5,0,0,0.0,1.00,1.00,1.00,3.20,6.00,4.00,21.4,1.357,0.659,6.00
5000,53,5,17.4,3.8,0.0,0.6,7.0,0.0,2.53,12.8,3,1197,23.33,12.74,5,0,0,0.0,3.08,2.68,2.29,3.00,4.80,4.40,22.8,1.211,0.574,7.20
6000,1,656,36.9,3.4,3.2,0.9,25.1,0.0,1.60,6.9,334,1551,91.98,38.73,267,196,193,0.0,1.64,1.69,1.55,4.79,6.06,6.29,30.9,1.046,0.526,7.85
6000,8,592,25.1,0.5,11.0,3.3,8.4,0.1,1.10,3.9,464,963,36.05,29.89,369,138,85,0.2,1.11,1.07,1.10,3.91,5.35,5.35,23.5,1.138,0.555,6.27
6000,29,161,51.5,0.1,12.7,0.1,25.6,0.0,1.02,1.7,100,813,55.56,66.71,10,20,131,0.0,1.01,1.04,1.02,5.13,6.37,6.43,48.2,1.322,0.581,6.80
6000,7,115,61.9,18.1,11.0,2.4,10.7,2.3,6.57,1.4,85,1121,45.51,35.46,6,52,57,2.3,7.73,2.52,8.42,5.60,6.62,7.14,38.4,1.044,0.667,7.22
6000,81,102,27.5,0.3,0.4,0.0,24.0,0.0,1.17,8.6,50,743,41.58,15.83,18,84,0,0.0,1.38,1.34,1.10,3.96,6.88,4.15,30.4,1.120,0.451,7.60
6000,12,91,46.2,0.8,8.7,8.0,25.6,0.0,1.17,1.8,79,1968,121.23,55.52,29,39,23,0.1,1.30,1.14,1.14,5.33,6.82,6.91,31.0,1.147,0.449,7.32
6000,15,91,25.7,0.0,0.2,3.3,27.4,0.0,1.01,5.5,48,1508,90.26,32.26,0,29,62,0.0,1.03,1.00,1.01,4.93,7.24,5.14,39.9,0.875,0.456,7.51
6000,21,78,18.7,0.6,3.8,0.7,14.3,0.0,1.21,6.0,60,1541,71.19,35.89,9,43,26,0.4,1.17,1.15,1.30,3.68,4.55,4.92,33.6,0.957,0.243,6.13
6000,26,65,30.5,0.0,1.7,2.1,26.7,0.0,1.00,7.4,31,1340,54.94,18.20,40,25,0,0.0,1.00,1.00,1.00,4.65,5.49,7.02,25.0,1.059,0.315,8.03
6000,40,63,28.1,0.0,0.0,0.1,26.6,0.0,1.00,5.5,45,1721,132.83,62.26,46,13,4,0.0,1.00,1.00,1.00,4.13,5.30,5.06,21.6,1.051,0.483,6.56
6000,42,63,14.7,0.1,0.0,2.7,13.1,0.0,1.04,15.8,55,797,65.61,28.57,19,18,26,0.0,1.04,1.05,1.04,2.98,4.84,3.84,32.6,1.007,0.576,8.22
6000,4,62,24.8,3.4,0.0,0.0,20.9,0.0,1.78,19.6,29,897,57.41,17.90,14,36,12,0.0,1.87,1.64,1.81,4.18,5.19,5.21,30.2,0.904,0.379,10.08
6000,50,55,33.8,0.3,0.2,4.2,28.0,0.0,1.12,2.7,22,1262,84.89,34.36,6,45,4,0.0,1.10,1.06,1.19,4.78,6.24,6.16,32.8,1.111,0.408,6.80
6000,57,50,16.5,0.8,0.3,2.7,13.9,0.0,1.31,10.4,27,663,34.44,10.41,3,18,29,0.0,1.25,1.28,1.40,4.16,4.38,7.50,36.2,0.969,0.318,8.20
6000,43,48,23.1,4.8,0.1,0.2,23.7,0.0,2.26,8.9,19,1633,77.41,14.06,2,18,28,0.0,2.15,2.38,2.24,4.46,5.17,6.60,36.5,0.693,0.687,8.10
6000,13,46,11.9,0.0,0.0,0.2,11.9,0.0,1.00,12.7,40,769,42.44,27.83,45,1,0,0.0,1.00,1.00,1.00,2.76,3.28,4.33,16.7,1.036,0.496,6.96
6000,10,44,16.3,0.3,0.2,0.0,17.8,0.0,1.07,12.4,30,1092,50.46,7.24,3,36,5,0.0,1.13,1.06,1.05,3.64,6.75,4.39,31.5,0.854,0.622,8.57
6000,24,43,23.0,0.0,0.7,0.3,17.5,0.0,1.00,10.7,34,1058,54.34,20.67,0,4,39,0.0,1.00,1.00,1.00,3.77,5.33,4.79,53.0,1.246,0.551,7.70
6000,6,40,20.6,0.0,2.8,0.3,17.7,0.0,1.00,8.9,33,1753,115.88,37.90,39,1,0,0.0,1.00,1.00,1.00,4.35,5.18,5.75,19.0,1.017,0.543,7.62
6000,65,34,51.3,0.0,6.9,0.0,39.9,0.0,1.00,3.5,28,1240,104.15,34.31,12,16,6,0.0,1.00,1.00,1.00,6.06,7.24,7.21,28.9,1.090,0.664,8.09
6000,66,33,13.2,0.0,0.1,7.1,13.4,0.0,1.00,21.7,24,1525,55.03,7.48,19,14,0,0.0,1.00,1.00,1.00,3.73,4.52,5.97,22.1,0.779,0.465,10.52
6000,128,28,44.1,0.7,4.8,1.1,27.1,0.1,1.15,0.6,16,864,58.79,22.79,0,9,19,0.4,1.18,1.08,1.17,5.64,5.89,5.82,38.5,1.301,0.503,6.00
6000,60,27,60.9,15.9,0.4,0.1,27.5,0.1,2.52,0.4,14,1986,145.48,82.22,4,22,1,0.1,3.42,2.05,2.30,6.22,6.63,6.67,31.4,1.040,0.331,6.74
6000,30,26,40.5,5.9,1.2,0.0,23.3,0.1,2.02,8.5,17,1296,74.43,13.28,3,23,0,0.1,1.76,2.66,1.88,5.69,9.08,7.65,32.2,1.125,0.434,9.96
6000,101,25,28.2,4.3,0.0,0.9,23.4,0.0,2.48,4.7,13,1746,152.22,40.42,0,9,16,0.0,1.94,2.44,4.18,4.72,4.96,6.36,41.0,0.861,0.300,6.84
6000,47,25,26.0,0.1,0.2,0.2,25.0,0.0,1.03,3.7,15,1466,97.65,56.01,0,25,0,0.0,1.00,1.07,1.03,4.40,5.32,5.08,31.6,1.019,0.532,6.08
6000,49,24,49.2,2.1,9.8,0.1,26.8,0.8,1.32,0.2,20,1906,147.33,68.75,23,1,0,1.0,1.58,1.00,1.34,5.29,6.42,6.46,21.1,1.200,0.447,6.50
6000,19,22,26.9,3.5,0.0,4.7,19.7,0.0,1.66,6.6,11,1719,97.92,34.77,12,10,0,0.0,1.97,1.62,1.54,5.32,6.05,5.36,26.2,0.924,0.304,7.32
6000,99,19,63.2,2.9,14.1,0.0,28.8,0.0,1.28,2.0,14,1783,104.93,66.16,0,1,18,0.0,1.32,1.66,1.04,5.21,6.68,7.05,45.7,1.289,0.536,7.37
6000,22,19,23.8,0.0,0.3,5.6,25.1,0.0,1.00,3.3,14,1561,91.91,20.19,19,0,0,0.0,1.00,1.00,1.00,4.11,5.63,6.21,17.2,0.842,0.444,6.74
6000,56,19,16.5,0.4,0.6,0.0,13.8,0.0,1.07,14.5,11,857,32.17,5.11,0,0,19,0.0,1.00,1.14,1.07,2.95,3.58,4.84,43.4,1.041,0.580,7.84
6000,11,18,13.6,2.6,0.3,3.4,8.7,0.2,1.91,19.3,16,1641,63.92,12.93,0,18,0,0.2,2.22,1.26,2.07,3.28,3.39,5.11,34.6,0.817,0.471,9.06
6000,96,17,33.3,0.2,4.2,5.2,20.5,0.0,1.01,3.4,11,1696,77.33,34.89,0,17,0,0.0,1.00,1.00,1.02,5.35,5.47,6.12,30.2,1.202,0.494,6.65
6000,102,17,28.3,0.8,0.0,0.4,23.8,0.0,1.16,6.2,16,2004,106.87,50.54,0,0,17,0.0,1.05,1.31,1.14,4.00,5.29,5.24,47.9,1.121,0.527,6.82
6000,31,17,20.9,0.0,0.2,0.6,17.8,0.0,1.00,8.9,11,1135,67.35,17.46,0,17,0,0.0,1.00,1.00,1.00,4.06,4.65,5.82,34.1,1.148,0.390,7.41
6000,89,16,56.0,6.6,5.2,0.0,38.1,0.9,1.92,2.8,13,1609,109.12,38.44,0,12,4,1.6,1.70,2.85,1.59,6.94,8.69,7.38,33.0,0.991,0.296,8.69
6000,73,15,23.4,0.1,2.1,0.0,26.7,0.0,1.00,3.2,11,1641,104.84,50.39,0,15,0,0.0,1.00,1.00,1.00,5.20,6.73,6.53,31.9,0.800,0.669,7.13
6000,9,14,12.9,0.0,2.9,0.0,11.5,0.0,1.00,12.9,7,2106,69.41,11.99,0,0,14,0.0,1.00,1.00,1.00,3.71,5.79,4.50,45.7,0.901,0.494,8.00
6000,118,14,18.5,0.1,0.0,1.9,15.5,0.0,1.04,6.4,8,386,21.95,3.94,14,0,0,0.0,1.04,1.00,1.07,3.79,5.36,3.71,4.2,1.109,0.659,6.14
6000,161,12,15.8,0.3,0.8,0.0,15.2,0.2,1.06,9.7,8,1173,37.56,9.66,0,0,12,0.2,1.08,1.10,1.04,3.08,4.42,4.42,62.8,0.975,0.425,6.83
6000,69,12,31.6,3.2,3.7,0.2,26.5,0.0,1.53,12.5,9,2302,97.23,23.08,12,0,0,0.5,1.09,1.94,1.55,5.42,8.08,7.67,16.4,0.844,0.593,10.17
6000,20,12,34.6,0.6,1.2,3.3,25.8,0.0,1.03,0.0,8,2619,135.06,28.60,12,0,0,0.1,1.00,1.00,1.06,4.67,5.58,5.58,20.6,1.163,0.442,5.58
6000,115,10,36.6,0.0,17.3,0.0,9.2,0.0,1.00,1.0,9,1845,75.83,64.65,10,0,0,0.0,1.00,1.00,1.00,3.90,5.80,5.60,14.2,1.382,0.834,5.90
6000,55,10,71.6,26.0,0.0,0.0,33.4,0.0,8.16,2.4,10,2473,224.20,91.83,0,10,0,0.0,5.12,8.65,10.02,7.30,7.90,9.10,31.5,0.838,0.543,9.10
6000,37,10,15.7,0.6,1.9,13.6,9.2,0.0,1.16,10.8,9,2708,324.71,94.77,0,0,10,0.0,1.21,1.21,1.10,4.00,5.40,5.20,51.1,0.812,0.400,7.90
6000,27,10,31.3,0.0,0.0,0.0,31.9,0.0,1.00,5.8,10,2455,201.44,68.63,0,2,8,0.0,1.00,1.00,1.00,4.50,5.80,6.10,40.9,1.013,0.340,7.40
6000,122,8,65.4,0.0,0.0,10.9,50.5,0.0,1.00,2.8,6,2298,256.49,138.58,7,1,0,0.0,1.00,1.00,1.00,6.38,8.25,7.88,19.0,1.157,0.428,8.75
6000,113,8,55.9,0.0,21.0,0.5,28.8,0.0,1.00,0.5,6,2479,198.24,68.99,8,0,0,0.0,1.00,1.00,1.00,4.75,7.62,7.88,23.4,1.118,0.550,7.88
6000,25,8,18.2,0.0,0.4,2.2,17.1,0.0,1.00,8.0,8,1747,57.85,16.60,0,1,7,0.0,1.00,1.00,1.00,4.00,4.00,5.00,41.6,0.960,0.406,6.50
6000,39,7,53.2,0.0,1.6,6.9,45.1,0.0,1.00,7.4,7,1479,161.92,92.50,0,3,4,0.0,1.00,1.00,1.00,6.00,7.14,7.57,36.7,1.062,0.486,9.14
6000,35,7,55.1,12.6,0.0,0.0,24.9,0.0,3.33,2.6,7,2851,153.02,62.88,0,6,1,0.0,1.62,5.11,3.32,5.29,6.71,6.29,33.3,1.098,0.466,7.14
6000,86,7,26.6,0.0,5.9,0.3,21.3,0.0,1.00,4.9,7,2865,343.97,242.08,0,7,0,0.0,1.00,1.00,1.00,4.00,5.57,6.57,34.8,0.968,0.489,7.14
6000,158,6,25.5,0.0,3.8,0.0,24.8,0.0,1.00,4.0,6,2363,185.52,107.28,6,0,0,0.0,1.00,1.00,1.00,4.50,5.83,6.17,18.5,0.898,0.430,7.00
6000,163,6,44.3,0.0,0.5,37.0,25.5,0.0,1.00,0.0,3,2934,212.45,34.43,5,1,0,0.0,1.00,1.00,1.00,8.67,8.00,8.00,22.6,0.995,0.452,8.00
6000,2,6,9.6,0.0,0.0,0.0,12.7,0.0,1.00,16.7,4,1013,49.02,11.58,1,5,0,0.0,1.00,1.00,1.00,3.00,5.33,3.33,29.3,0.762,0.532,8.50
7000,8,734,22.8,0.5,9.0,2.5,7.6,0.1,1.13,5.1,582,825,32.08,25.66,404,209,121,0.2,1.14,1.10,1.14,3.61,5.09,4.96,24.1,1.189,0.528,6.19
7000,1,712,28.9,2.0,3.1,1.0,20.3,0.0,1.45,8.8,362,823,54.63,33.94,333,252,127,0.0,1.49,1.58,1.41,4.26,5.39,5.76,27.6,1.029,0.522,7.74
7000,7,418,60.1,19.5,11.6,2.9,5.9,2.3,7.21,2.3,248,498,20.32,35.30,66,149,203,2.3,8.36,2.70,9.31,5.52,6.35,7.09,36.5,1.043,0.651,7.17
7000,29,252,42.2,0.5,10.4,0.0,20.0,0.0,1.11,3.7,201,894,62.48,61.84,5,24,223,0.0,1.02,1.17,1.13,4.81,5.83,5.98,49.8,1.340,0.579,6.79
7000,81,113,22.0,0.2,0.7,0.0,19.0,0.0,1.03,9.4,72,511,30.03,10.97,24,83,6,0.1,1.02,1.05,1.03,3.74,6.57,3.93,30.3,1.108,0.450,7.53
7000,10,111,11.7,0.1,1.1,0.0,12.5,0.0,1.01,16.5,67,580,28.61,10.17,10,84,17,0.0,1.02,1.00,1.01,3.02,5.86,3.84,31.5,0.833,0.624,8.82
7000,157,110,31.3,8.8,0.0,0.0,19.9,0.0,3.73,5.9,56,697,52.40,20.95,30,75,5,0.0,4.68,1.98,4.17,4.59,5.35,5.79,29.6,0.866,0.610,6.97
7000,12,105,37.4,0.2,7.7,5.4,21.3,0.0,1.06,4.7,87,960,68.49,43.52,40,39,26,0.0,1.10,1.09,1.04,4.42,6.10,5.82,29.7,1.161,0.436,7.11
7000,43,88,20.4,2.7,0.3,0.3,22.3,0.0,1.75,11.3,42,829,54.41,22.64,10,31,47,0.1,1.58,1.87,1.78,4.17,4.58,6.20,36.3,0.726,0.656,8.22
7000,15,87,17.8,0.3,0.0,1.8,18.1,0.0,1.12,11.1,65,680,55.18,35.34,0,27,60,0.0,1.09,1.25,1.10,3.77,5.71,4.29,40.8,0.911,0.460,7.75
7000,42,83,13.4,0.0,0.0,1.6,12.4,0.0,1.00,15.4,59,727,37.05,18.60,48,18,17,0.0,1.01,1.00,1.00,3.12,5.23,3.78,25.8,1.030,0.565,8.16
7000,4,68,28.6,2.4,0.0,0.1,25.5,0.0,1.53,14.4,27,608,35.24,7.18,10,39,19,0.0,1.56,1.47,1.56,4.40,5.35,5.63,33.0,0.969,0.412,9.10
7000,57,65,18.4,0.8,0.2,1.5,16.2,0.0,1.33,8.6,35,735,36.18,13.10,3,30,32,0.0,1.27,1.29,1.50,4.46,4.63,7.45,36.3,0.975,0.332,7.95
7000,30,62,28.8,2.8,0.4,0.0,19.5,0.0,1.52,13.4,32,930,46.87,14.37,17,44,1,0.1,1.37,1.84,1.45,4.50,8.26,5.18,29.8,1.141,0.413,9.92
7000,21,61,22.2,0.8,3.1,0.0,17.5,0.1,1.24,4.7,48,1042,51.93,17.73,13,36,12,0.4,1.27,1.11,1.30,3.52,4.84,4.95,31.2,1.009,0.266,6.05
7000,26,51,31.8,0.0,0.4,3.3,28.9,0.0,1.00,7.4,26,1051,63.72,28.72,38,13,0,0.0,1.00,1.00,1.00,4.35,5.55,6.80,23.7,1.054,0.325,8.02
7000,24,51,23.0,0.0,0.6,0.1,17.0,0.0,1.00,9.9,27,642,33.93,15.96,0,8,43,0.0,1.00,1.00,1.00,3.80,5.22,5.57,50.3,1.320,0.566,7.80
7000,6,48,9.7,0.0,0.6,0.9,8.9,0.0,1.00,14.8,38,1127,69.13,23.17,48,0,0,0.0,1.00,1.00,1.00,2.69,4.50,4.00,17.3,1.005,0.527,7.77
7000,50,47,33.5,0.3,0.0,2.0,28.3,0.0,1.14,4.1,28,1024,75.96,38.73,12,35,0,0.0,1.12,1.08,1.22,4.30,6.85,5.96,29.2,1.144,0.416,7.36
7000,40,47,8.7,0.0,0.3,0.8,7.2,0.0,1.00,16.0,16,354,23.79,12.74,0,39,8,0.0,1.00,1.00,1.00,2.04,3.13,3.26,35.0,1.155,0.337,7.19
7000,13,47,13.6,0.0,0.0,0.1,14.8,0.0,1.00,11.7,35,520,26.77,21.27,45,2,0,0.0,1.00,1.00,1.00,2.74,4.45,3.64,20.5,0.923,0.511,6.98
7000,60,46,59.6,14.8,0.0,0.0,24.3,0.0,3.23,1.5,19,953,117.99,66.32,6,38,2,0.0,4.60,1.97,3.18,5.57,6.22,6.24,30.4,1.114,0.355,6.61
7000,47,43,22.3,0.1,0.0,0.0,21.8,0.0,1.02,5.1,32,736,60.13,44.20,1,22,20,0.0,1.04,1.00,1.02,3.70,4.91,4.72,36.0,0.992,0.540,6.00
7000,65,41,56.0,0.9,7.0,0.0,43.3,0.0,1.19,2.3,35,1148,116.77,58.94,22,12,7,0.1,1.05,1.25,1.24,6.05,7.46,7.61,26.4,1.076,0.656,8.12
7000,101,38,34.2,4.1,0.0,0.6,29.8,0.0,2.03,1.8,16,941,86.46,61.41,1,18,19,0.0,2.27,2.27,1.80,5.24,5.89,6.37,38.7,0.892,0.289,6.58
7000,2,34,12.6,0.0,0.0,0.0,16.6,0.0,1.00,10.5,14,321,21.67,15.57,1,31,2,0.0,1.00,1.00,1.00,3.09,6.91,3.56,34.6,0.763,0.494,7.85
7000,19,30,19.3,2.4,0.0,1.3,14.8,0.0,1.52,14.1,12,809,33.87,11.02,15,15,0,0.0,1.55,1.74,1.39,3.70,4.93,3.57,26.6,0.953,0.318,7.67
7000,49,28,40.6,0.8,11.0,0.1,20.8,0.1,1.08,1.6,18,948,73.87,33.39,27,1,0,0.2,1.12,1.00,1.11,5.04,6.29,5.89,19.8,1.211,0.432,6.50
7000,89,27,28.7,2.6,2.8,0.0,20.7,0.4,1.42,9.8,17,901,83.75,41.33,6,18,3,0.6,1.26,1.83,1.32,4.67,7.37,5.63,29.6,1.012,0.263,8.63
7000,128,22,43.7,0.0,5.5,0.9,28.0,0.0,1.00,0.2,11,1171,77.52,37.08,0,8,14,0.0,1.00,1.00,1.00,5.18,6.00,6.00,39.0,1.283,0.483,6.05
7000,161,18,16.8,0.0,0.9,0.2,15.7,0.0,1.00,10.1,12,381,15.63,12.58,0,0,18,0.0,1.00,1.00,1.00,3.22,4.17,4.78,62.9,0.992,0.496,6.94
7000,22,17,25.6,0.0,7.0,2.5,21.4,0.0,1.00,4.8,14,753,53.07,21.31,17,0,0,0.0,1.00,1.00,1.00,4.29,5.47,6.12,16.4,0.843,0.493,7.00
7000,96,15,38.8,0.0,4.5,1.4,25.6,0.0,1.00,4.0,9,729,28.76,22.51,0,15,0,0.0,1.00,1.00,1.00,4.73,5.40,6.47,28.8,1.239,0.477,6.93
7000,31,14,17.9,0.0,0.1,0.0,16.2,0.0,1.00,12.0,10,747,35.44,14.98,0,14,0,0.0,1.00,1.00,1.00,3.00,4.86,4.29,34.3,1.088,0.412,7.57
7000,118,14,14.8,0.0,2.8,3.8,8.5,0.0,1.00,8.3,12,718,37.11,15.55,14,0,0,0.0,1.00,1.00,1.00,3.07,4.07,3.79,10.3,1.121,0.650,6.00
7000,99,13,61.3,0.8,20.3,0.0,24.8,0.0,1.10,0.6,6,1266,83.03,28.86,0,0,13,0.0,1.21,1.12,1.00,5.23,6.69,7.00,45.4,1.312,0.505,7.00
7000,11,10,4.5,0.0,0.0,0.2,5.2,0.0,1.00,26.0,9,858,25.63,8.07,0,10,0,0.0,1.00,1.00,1.00,1.90,1.90,3.30,33.3,0.835,0.450,9.10
7000,115,8,41.0,0.0,17.8,0.0,11.6,0.0,1.00,0.2,6,1824,71.61,30.44,8,0,0,0.0,1.00,1.00,1.00,4.50,5.88,5.75,13.8,1.399,0.809,5.88
7000,102,8,34.9,0.0,0.0,0.0,33.4,0.0,1.00,4.8,6,1202,47.16,31.61,0,0,8,0.0,1.00,1.00,1.00,4.12,5.62,5.75,49.5,1.063,0.512,6.88
7000,73,7,12.5,0.0,0.0,0.0,15.9,0.0,1.00,12.0,4,788,52.21,26.85,0,7,0,0.0,1.00,1.00,1.00,3.14,5.00,3.86,33.4,0.801,0.713,7.43
7000,84,7,10.7,0.0,0.0,1.7,7.9,0.0,1.00,10.9,5,596,25.44,9.11,7,0,0,0.0,1.00,1.00,1.00,2.71,4.14,2.71,22.3,1.232,0.614,6.14
7000,169,6,58.5,4.3,0.0,8.2,28.7,0.0,1.56,5.7,4,2049,158.46,81.20,0,6,0,0.0,1.00,2.21,1.52,6.83,7.67,6.83,30.5,1.425,0.576,8.67
7000,39,5,30.5,0.0,1.6,4.8,25.6,0.0,1.00,12.8,5,1411,199.08,83.78,0,0,5,0.0,1.00,1.00,1.00,5.00,5.80,7.40,39.6,1.032,0.473,9.00
7000,66,5,9.3,0.0,0.6,11.6,5.2,0.0,1.00,22.8,5,1278,81.52,19.06,0,5,0,0.0,1.00,1.00,1.00,3.60,3.60,7.00,30.4,0.798,0.493,11.00
7000,168,5,48.5,0.0,6.0,0.0,42.8,0.0,1.00,0.0,4,1002,74.50,79.71,0,0,5,0.0,1.00,1.00,1.00,6.00,7.20,7.20,42.4,0.995,0.413,7.20
8000,1,725,24.9,1.7,3.0,0.7,16.6,0.0,1.42,10.8,412,780,47.92,27.45,302,244,179,0.0,1.41,1.54,1.40,3.86,5.21,5.34,29.2,1.040,0.540,7.92
8000,7,638,58.3,17.7,11.8,2.5,7.1,2.3,6.56,1.4,441,862,31.61,36.99,163,192,283,2.4,7.69,2.56,8.31,5.59,6.50,6.89,33.8,1.053,0.654,7.04
8000,8,621,25.2,0.6,9.4,2.6,8.8,0.1,1.15,4.5,498,1051,42.53,26.06,318,189,114,0.2,1.15,1.14,1.17,3.86,5.16,5.26,24.9,1.209,0.530,6.25
8000,29,277,47.3,0.8,12.6,0.1,20.3,0.0,1.20,2.4,207,1043,70.27,56.13,5,46,226,0.0,1.04,1.28,1.23,4.93,6.12,6.15,47.7,1.367,0.586,6.72
8000,12,124,36.5,0.2,9.2,2.9,20.0,0.0,1.06,5.7,109,910,65.10,44.58,42,62,20,0.1,1.11,1.08,1.05,4.80,5.84,5.92,29.8,1.165,0.460,7.30
8000,174,119,24.0,3.8,0.4,0.0,17.3,0.0,2.05,6.2,60,588,31.61,17.42,31,33,55,0.0,2.02,2.08,2.04,3.84,4.79,4.55,34.2,0.947,0.695,6.18
8000,57,107,16.9,0.6,0.5,0.8,14.7,0.0,1.17,11.8,62,633,34.32,16.88,4,46,57,0.0,1.15,1.18,1.19,3.70,4.21,6.87,35.9,0.988,0.344,8.27
8000,10,97,13.1,0.7,1.1,0.1,13.2,0.0,1.10,16.1,73,776,31.17,7.59,43,48,6,0.1,1.12,1.05,1.13,3.38,5.57,4.39,26.0,0.820,0.613,8.90
8000,157,91,33.9,11.2,0.0,0.0,18.7,0.0,4.12,5.6,50,1199,87.77,28.18,25,65,1,0.0,5.53,1.64,4.68,4.41,5.32,5.93,28.8,0.843,0.610,6.99
8000,15,85,17.1,0.1,0.0,2.2,16.7,0.0,1.01,10.3,67,768,57.34,29.81,0,37,48,0.0,1.00,1.02,1.01,3.55,5.27,4.36,38.4,0.923,0.477,7.25
8000,81,75,16.9,0.0,1.0,0.0,14.1,0.0,1.01,12.6,68,947,40.35,14.28,13,59,3,0.0,1.01,1.02,1.01,3.04,5.49,3.41,30.7,1.115,0.450,7.59
8000,43,67,15.6,2.9,0.4,0.5,15.0,0.1,1.85,13.9,54,1042,58.86,25.70,3,18,46,0.2,1.65,1.96,1.93,3.51,4.46,5.09,38.8,0.741,0.648,8.18
8000,13,62,14.7,0.1,0.0,0.2,15.4,0.0,1.02,10.7,36,592,23.40,11.15,50,12,0,0.0,1.00,1.03,1.02,2.97,4.58,3.97,20.3,0.928,0.493,6.95
8000,50,60,34.2,0.0,0.0,1.5,28.7,0.0,1.00,3.2,28,789,56.96,34.32,19,41,0,0.0,1.00,1.00,1.00,4.40,6.10,6.15,27.5,1.179,0.454,6.85
8000,30,57,25.3,1.8,0.2,0.0,18.3,0.1,1.41,16.4,37,1012,47.99,21.70,20,37,0,0.1,1.29,1.55,1.44,4.26,6.98,4.54,28.0,1.158,0.451,9.79
8000,42,56,10.6,0.0,0.0,0.8,10.0,0.0,1.00,16.9,35,552,22.33,8.71,33,19,4,0.0,1.00,1.00,1.00,2.61,4.45,3.41,20.9,1.028,0.545,8.09
8000,21,45,23.1,0.2,4.9,0.7,18.1,0.0,1.04,4.1,35,883,47.81,20.71,10,29,6,0.9,1.01,1.07,1.04,3.89,4.98,5.31,30.3,0.983,0.259,6.13
8000,4,45,24.6,3.0,0.0,0.0,21.9,0.0,1.65,15.3,34,678,38.63,10.94,11,7,27,0.0,1.63,1.60,1.70,4.44,5.33,5.24,35.0,0.897,0.448,9.11
8000,26,44,25.2,0.0,0.8,4.0,22.0,0.0,1.00,10.4,35,1000,67.24,31.95,39,5,0,0.0,1.00,1.00,1.00,4.30,5.41,5.64,23.0,1.049,0.319,8.07
8000,65,42,53.3,0.8,8.1,0.0,40.2,0.0,1.24,2.3,38,1725,158.99,67.97,22,13,7,0.0,1.12,1.25,1.30,5.95,7.29,7.57,26.4,1.067,0.654,8.00
8000,60,41,60.3,14.8,0.1,0.0,24.7,0.0,3.37,1.2,17,1532,153.09,100.62,3,36,2,0.0,4.69,1.93,3.43,5.93,6.29,6.32,31.5,1.119,0.359,6.61
8000,49,40,37.0,0.5,8.2,0.5,20.2,0.2,1.09,3.3,33,1089,78.98,34.72,37,3,0,0.2,1.19,1.00,1.10,4.65,6.03,5.55,20.5,1.229,0.423,6.57
8000,101,37,28.4,4.1,0.0,1.0,23.2,0.0,2.52,4.4,27,1408,91.07,65.12,0,14,23,0.0,2.85,2.77,2.68,4.89,5.73,5.78,40.5,0.891,0.311,6.81
8000,9,34,6.1,0.0,0.0,0.4,6.4,0.0,1.00,20.3,12,355,19.71,13.06,0,0,34,0.0,1.00,1.00,1.00,2.09,3.09,2.59,47.8,0.920,0.536,7.91
8000,178,34,29.2,2.7,0.0,14.5,20.3,0.0,1.58,4.0,27,1441,121.07,52.55,1,13,20,0.0,1.56,1.58,1.59,5.62,6.91,6.82,37.1,0.879,0.474,7.82
8000,24,34,40.8,0.0,2.8,2.9,28.1,0.0,1.00,5.6,22,802,59.42,21.85,0,3,31,0.0,1.00,1.00,1.00,5.32,6.91,6.97,55.3,1.258,0.563,8.00
8000,47,34,24.5,0.1,0.6,0.0,23.1,0.0,1.03,3.9,25,1444,89.55,55.68,1,25,8,0.0,1.05,1.00,1.03,3.91,5.06,4.97,33.6,1.003,0.545,5.97
8000,173,30,54.7,1.5,0.3,0.0,39.2,0.0,1.36,2.3,14,1101,98.97,61.48,0,15,15,0.1,1.43,1.28,1.36,5.20,6.53,6.40,37.3,1.280,0.584,7.03
8000,22,28,35.1,0.0,11.3,3.4,24.7,0.0,1.01,1.9,22,653,55.21,18.52,28,0,0,0.1,1.01,1.00,1.01,4.86,6.46,6.57,16.7,0.923,0.463,7.00
8000,6,27,12.6,0.0,1.3,2.0,10.7,0.0,1.00,12.9,23,1116,66.71,32.12,27,0,0,0.0,1.00,1.00,1.00,3.63,4.89,4.30,17.2,0.963,0.524,7.37
8000,127,26,18.7,0.2,0.0,0.0,16.5,0.0,1.05,17.3,14,1228,104.66,66.96,26,0,0,0.0,1.06,1.00,1.06,2.77,4.08,3.73,13.3,1.057,0.722,8.23
8000,187,25,56.3,1.4,23.7,0.0,24.8,0.0,1.31,2.6,23,1849,119.89,88.06,0,20,5,0.5,1.06,1.50,1.35,5.84,7.40,7.92,34.9,1.109,0.397,8.24
8000,99,24,51.8,0.0,17.4,0.0,23.3,0.0,1.00,1.1,18,1172,84.22,55.76,0,2,22,0.0,1.00,1.00,1.00,4.71,6.79,6.67,45.6,1.263,0.500,7.00
8000,96,24,27.1,0.1,2.0,0.5,19.2,0.0,1.02,6.7,16,914,36.40,28.94,0,24,0,0.0,1.04,1.00,1.02,3.62,4.75,5.46,29.3,1.228,0.478,6.75
8000,2,23,16.5,0.7,0.0,0.0,20.5,0.0,1.15,8.3,12,656,37.25,14.87,0,22,1,0.0,1.21,1.17,1.12,4.04,7.39,4.26,34.7,0.760,0.507,7.91
8000,180,21,41.3,0.0,0.3,0.0,38.5,0.0,1.00,6.6,16,1426,154.31,99.66,0,1,20,0.0,1.00,1.00,1.00,4.90,6.14,6.76,49.6,1.066,0.373,8.10
8000,128,21,42.9,0.3,3.7,2.7,28.0,0.0,1.09,0.6,18,1492,84.16,51.98,0,6,15,0.0,1.10,1.00,1.14,4.71,5.90,6.10,39.3,1.268,0.481,6.14
8000,181,20,39.3,0.3,8.1,0.6,23.8,0.0,1.03,2.8,17,1413,72.19,22.54,19,1,0,0.0,1.06,1.00,1.03,5.55,6.25,6.95,18.4,1.194,0.494,7.30
8000,89,17,33.8,3.9,3.5,0.0,22.6,0.4,1.76,9.1,14,1985,159.38,78.33,3,11,3,0.6,1.39,2.24,1.74,5.00,7.24,5.82,31.0,1.007,0.267,8.65
8000,19,16,36.6,6.2,0.0,3.5,23.7,0.0,2.44,5.1,8,1113,61.51,13.65,16,0,0,0.0,2.71,2.96,2.04,5.00,6.44,5.75,20.9,0.962,0.294,7.25
8000,40,16,16.5,0.0,0.1,2.4,14.2,0.0,1.00,11.4,11,1492,98.23,59.56,0,9,7,0.0,1.00,1.00,1.00,3.06,4.69,4.25,37.2,1.089,0.351,7.31
8000,186,15,11.7,0.5,0.0,0.0,12.7,0.0,1.18,11.6,14,936,49.65,19.90,0,0,15,0.0,1.24,1.35,1.12,3.47,5.67,4.87,47.9,0.858,0.584,7.67
8000,84,14,14.6,0.0,0.0,0.5,11.3,0.0,1.00,6.4,8,354,13.02,5.37,14,0,0,0.0,1.00,1.00,1.00,3.64,5.64,3.14,23.7,1.264,0.671,6.00
8000,182,13,47.9,0.0,9.9,0.0,30.8,0.0,1.00,7.2,13,1833,154.92,86.23,8,5,0,0.0,1.00,1.00,1.00,4.92,6.00,7.00,24.9,1.189,0.592,8.31
8000,172,12,25.9,0.0,1.4,1.7,22.2,0.0,1.00,8.0,10,1262,83.16,28.98,8,4,0,0.0,1.00,1.00,1.00,4.83,5.08,5.42,24.2,1.075,0.702,7.00
8000,31,11,15.1,0.0,0.0,0.3,13.5,0.0,1.00,13.6,8,1422,33.50,15.95,0,11,0,0.0,1.00,1.00,1.00,2.91,4.27,4.18,34.1,1.075,0.402,7.64
8000,115,9,33.1,0.0,18.0,0.0,9.2,0.0,1.00,0.4,6,930,47.44,25.57,9,0,0,0.0,1.00,1.00,1.00,4.56,5.44,5.22,14.4,1.194,0.777,5.44
8000,179,7,36.3,0.9,2.4,0.0,34.3,0.0,1.17,4.0,7,1423,98.54,29.42,2,3,2,0.3,1.00,1.29,1.19,4.71,6.57,6.00,32.8,0.953,0.486,7.29
8000,66,6,11.7,0.0,0.0,5.3,11.3,0.0,1.00,23.7,5,374,14.46,2.19,1,5,0,0.0,1.00,1.00,1.00,3.50,3.17,7.17,28.5,0.818,0.500,11.00
8000,156,5,31.8,10.8,3.4,0.2,6.6,0.0,4.55,7.6,5,1203,36.01,21.80,0,3,2,0.8,5.07,3.75,4.69,4.00,5.40,6.60,37.6,1.032,0.535,7.20
8000,102,5,37.0,0.0,0.0,0.0,35.2,0.0,1.00,2.4,5,1845,54.01,28.78,0,0,5,0.0,1.00,1.00,1.00,4.40,5.80,6.60,49.8,1.055,0.506,6.80
9000,7,789,57.8,18.3,10.9,2.7,6.4,2.3,6.68,1.7,560,1188,39.15,38.01,232,214,343,2.3,7.89,2.60,8.45,5.59,6.40,6.88,33.5,1.051,0.653,7.05
9000,1,628,24.4,1.6,3.4,0.7,15.3,0.0,1.43,10.5,368,974,47.66,23.84,283,237,108,0.0,1.44,1.53,1.41,3.72,5.13,5.17,27.3,1.074,0.513,7.71
9000,8,574,27.1,0.7,10.0,2.7,8.7,0.2,1.20,3.9,466,1129,47.25,27.46,280,202,92,0.3,1.24,1.17,1.21,3.94,5.22,5.30,26.0,1.249,0.530,6.14
9000,29,340,42.6,1.0,11.1,0.0,18.1,0.0,1.27,3.4,270,1018,64.58,49.19,10,62,268,0.0,1.08,1.36,1.35,4.61,5.80,5.80,47.1,1.352,0.615,6.64
9000,174,124,24.2,3.2,0.6,0.0,18.8,0.0,1.90,5.5,67,871,44.61,23.71,26,58,40,0.0,1.86,1.94,1.91,3.83,5.10,4.61,32.7,0.938,0.677,6.21
9000,12,105,42.9,0.1,9.8,2.5,25.1,0.0,1.02,4.0,86,1553,114.66,65.43,41,49,15,0.0,1.02,1.02,1.03,5.16,6.26,6.44,28.6,1.167,0.455,7.34
9000,157,87,35.8,13.2,0.0,0.0,17.7,0.0,4.58,4.8,50,1443,103.33,33.94,28,58,1,0.0,6.10,1.98,5.13,4.60,5.37,5.82,28.7,0.851,0.614,6.78
9000,10,82,12.2,1.0,0.2,0.0,13.2,0.0,1.19,16.8,58,790,30.10,9.24,46,32,4,0.0,1.24,1.09,1.22,3.33,5.67,3.77,22.7,0.800,0.591,8.83
9000,57,77,20.0,2.2,1.0,2.3,13.2,0.0,1.58,10.4,49,991,44.39,13.05,10,34,33,0.1,1.49,1.62,1.63,4.13,4.79,7.27,34.7,0.990,0.359,8.36
9000,81,69,23.1,0.2,0.5,0.1,19.4,0.0,1.11,10.3,56,1002,41.89,10.86,6,58,5,0.0,1.11,1.13,1.10,3.87,5.86,4.22,32.7,1.121,0.438,7.58
9000,65,63,26.1,0.6,4.1,0.0,19.0,0.0,1.17,13.4,50,1151,91.81,51.01,34,21,8,0.0,1.09,1.16,1.22,3.40,4.83,5.08,26.6,1.097,0.695,8.30
9000,43,58,15.2,2.8,0.1,0.5,13.8,0.0,1.94,14.3,45,1303,68.78,25.10,2,23,33,0.1,1.71,2.08,2.05,3.66,4.59,4.86,38.8,0.794,0.595,8.14
9000,50,57,29.6,0.4,0.2,2.5,23.7,0.0,1.11,4.6,29,1263,73.51,41.45,32,25,0,0.0,1.15,1.00,1.15,3.91,5.56,5.65,23.0,1.158,0.445,6.70
9000,4,56,21.6,1.2,0.0,0.0,20.1,0.0,1.29,16.0,35,509,26.28,15.10,4,12,40,0.0,1.40,1.29,1.25,3.93,5.29,5.05,38.5,0.933,0.432,9.02
9000,42,53,12.3,0.0,0.2,0.3,11.7,0.0,1.00,15.0,36,807,25.66,4.74,34,14,5,0.0,1.00,1.00,1.00,2.70,4.74,3.87,19.4,1.034,0.547,8.00
9000,49,52,37.1,1.2,6.6,0.5,20.4,0.2,1.22,3.1,43,1494,89.50,33.66,39,13,0,0.3,1.23,1.09,1.28,4.46,6.23,5.50,22.2,1.244,0.430,6.62
9000,60,52,67.3,19.7,0.2,0.3,20.7,0.1,4.82,1.2,26,1615,140.72,93.38,5,36,11,0.1,6.39,3.73,4.58,5.83,6.44,6.40,33.1,1.122,0.354,6.73
9000,101,50,22.2,4.9,0.0,1.5,14.0,0.0,2.61,8.4,40,1158,64.68,32.19,3,13,34,0.0,3.02,2.90,2.37,4.08,4.78,4.98,39.7,0.900,0.328,6.88
9000,24,41,25.5,0.1,1.9,1.2,17.5,0.0,1.08,11.3,32,838,56.13,33.62,0,8,33,0.0,1.11,1.09,1.06,3.98,5.15,5.34,53.5,1.262,0.570,8.02
9000,180,33,34.4,1.3,0.2,0.0,28.1,0.0,1.48,9.1,27,820,76.35,42.19,0,2,31,0.1,1.48,1.72,1.42,4.09,5.79,5.45,48.5,1.132,0.389,7.88
9000,15,33,11.1,0.6,0.0,1.2,10.8,0.0,1.18,15.5,27,823,44.66,24.78,0,4,29,0.0,1.24,1.64,1.12,2.97,5.09,3.09,41.5,0.838,0.459,7.94
9000,187,31,57.7,3.2,25.0,0.0,20.3,0.0,1.74,3.4,30,1793,71.36,72.47,1,18,12,0.5,1.60,2.07,1.66,5.84,7.16,7.65,35.8,1.128,0.412,8.19
9000,6,29,22.9,0.1,0.8,2.4,20.6,0.0,1.01,7.2,20,1049,65.62,21.92,29,0,0,0.0,1.00,1.04,1.01,5.07,6.90,5.90,18.2,0.978,0.537,7.72
9000,178,27,26.6,1.3,0.0,14.1,20.6,0.0,1.20,5.2,20,1922,163.53,59.10,1,6,20,0.0,1.19,1.25,1.20,5.04,6.78,6.44,39.2,0.875,0.479,7.85
9000,47,27,25.5,0.1,0.0,0.0,24.4,0.0,1.03,4.1,15,1705,86.62,53.09,1,16,10,0.0,1.06,1.00,1.03,4.33,5.26,4.74,34.3,0.995,0.544,6.00
9000,134,26,24.1,0.0,1.2,0.0,20.1,0.0,1.00,2.8,15,1201,51.59,33.88,26,0,0,0.0,1.00,1.00,1.00,3.58,4.77,5.38,18.4,1.124,0.234,5.73
9000,173,26,47.3,0.0,0.0,0.0,37.5,0.0,1.00,2.3,13,1278,106.09,59.17,0,16,10,0.0,1.00,1.00,1.00,5.35,6.27,6.04,35.3,1.256,0.556,6.73
9000,19,26,27.3,4.0,0.0,2.6,19.0,0.0,1.95,8.8,14,1069,52.41,9.12,25,1,0,0.0,2.01,2.52,1.68,4.58,6.15,4.42,21.2,0.960,0.296,7.38
9000,181,23,38.6,0.5,7.8,0.2,23.2,0.0,1.07,3.0,19,1146,76.99,29.52,21,2,0,0.1,1.13,1.02,1.07,5.13,6.22,6.52,18.2,1.190,0.489,7.13
9000,128,21,45.2,2.7,3.2,3.0,26.1,0.1,1.63,0.4,17,1232,66.80,34.53,0,5,16,0.1,1.95,1.01,1.77,4.95,6.10,6.29,39.3,1.252,0.487,6.29
9000,13,21,13.1,0.0,0.0,0.0,12.4,0.0,1.00,8.7,4,235,9.46,1.81,21,0,0,0.0,1.00,1.00,1.00,3.14,4.81,4.86,15.3,1.051,0.461,7.00
9000,26,20,23.5,0.0,0.4,3.8,22.5,0.0,1.00,9.2,19,1335,86.91,37.63,20,0,0,0.0,1.00,1.00,1.00,4.50,5.55,5.75,22.5,1.000,0.328,7.80
9000,30,18,22.6,0.9,0.1,0.0,18.4,0.0,1.16,15.0,12,1140,38.67,4.81,1,17,0,0.1,1.07,1.33,1.13,4.22,8.17,3.56,33.4,1.102,0.397,9.56
9000,99,18,35.6,0.0,10.6,0.0,17.4,0.0,1.00,6.2,18,1524,118.69,64.53,0,3,15,0.0,1.00,1.00,1.00,4.06,5.94,4.94,44.6,1.278,0.494,7.00
9000,21,18,23.5,0.2,3.5,0.0,20.0,0.0,1.04,3.2,16,1604,79.09,38.38,6,12,0,0.6,1.00,1.06,1.04,4.11,5.11,5.28,26.9,0.997,0.267,6.00
9000,96,18,22.8,0.2,1.2,0.0,17.4,0.0,1.03,6.6,8,1008,32.29,19.60,0,18,0,0.0,1.06,1.00,1.03,3.28,4.28,5.44,30.0,1.214,0.456,6.50
9000,22,17,31.9,0.0,0.5,6.4,30.2,0.0,1.00,0.9,13,820,58.65,31.75,17,0,0,0.0,1.00,1.00,1.00,4.29,6.00,6.24,19.7,0.948,0.469,6.35
9000,89,16,21.4,1.5,2.1,0.0,16.1,0.1,1.40,13.5,15,1199,60.89,24.24,1,11,4,0.1,1.51,1.60,1.36,4.06,6.69,4.56,33.6,1.011,0.248,8.75
9000,102,13,26.9,0.0,0.0,0.0,22.2,0.0,1.00,2.8,7,382,33.23,24.49,0,0,13,0.0,1.00,1.00,1.00,5.46,6.00,4.92,45.3,1.201,0.488,6.15
9000,202,12,26.1,2.0,0.0,0.0,21.4,0.0,1.72,10.7,9,2254,102.13,58.83,0,9,3,0.0,1.65,1.49,1.89,3.42,4.67,5.33,33.4,0.996,0.541,7.67
9000,172,12,27.4,0.0,1.6,0.4,23.8,0.0,1.00,8.3,11,1297,60.88,29.05,11,1,0,0.0,1.00,1.00,1.00,4.75,4.50,5.25,23.5,1.074,0.719,6.92
9000,179,11,34.5,0.8,1.8,0.0,32.8,0.0,1.20,5.6,11,1689,110.10,31.01,3,4,4,0.3,1.00,1.27,1.33,5.00,6.45,6.00,34.5,0.953,0.458,7.45
9000,20,11,40.4,0.9,1.6,0.7,31.5,0.0,1.06,0.0,4,914,53.87,25.25,11,0,0,0.3,1.00,1.00,1.11,4.73,5.91,5.91,21.0,1.142,0.402,5.91
9000,61,11,34.3,1.2,13.6,0.5,16.5,0.0,1.00,0.7,9,1349,132.44,57.53,11,0,0,0.0,1.00,1.00,1.00,5.18,7.00,6.64,18.2,1.030,0.575,7.00
9000,186,11,14.6,0.9,0.0,0.0,14.5,0.0,1.37,8.0,8,1008,41.82,16.28,0,0,11,0.0,1.70,1.77,1.21,4.00,5.73,5.64,47.1,0.890,0.579,7.27
9000,182,8,68.5,0.0,10.8,0.0,47.9,0.0,1.00,3.0,8,1906,171.51,48.46,7,1,0,0.0,1.00,1.00,1.00,6.50,7.50,8.00,23.2,1.165,0.584,8.50
9000,127,8,20.8,0.0,0.0,0.0,18.8,0.0,1.00,15.5,8,2060,136.83,72.34,8,0,0,0.0,1.00,1.00,1.00,2.62,4.62,3.88,12.9,1.064,0.721,8.12
9000,2,7,22.7,2.4,0.0,0.0,25.9,0.0,1.60,3.4,6,1139,40.27,11.20,0,7,0,0.0,1.68,1.57,1.56,6.00,8.00,6.29,35.4,0.757,0.552,8.00
9000,115,6,39.5,0.0,15.3,0.0,12.8,0.0,1.00,2.3,6,1157,75.46,41.95,6,0,0,0.0,1.00,1.00,1.00,4.67,5.17,5.67,15.0,1.397,0.828,6.00
9000,40,6,21.1,0.0,0.3,5.2,17.2,0.0,1.00,10.0,6,2747,176.16,108.37,0,2,4,0.0,1.00,1.00,1.00,3.67,5.50,4.83,37.4,1.087,0.345,7.67
9000,31,6,18.9,0.0,0.2,0.5,17.0,0.0,1.00,10.0,5,1416,47.65,14.73,0,6,0,0.0,1.00,1.00,1.00,3.50,5.33,4.67,34.0,1.044,0.390,7.50
9000,9,6,6.8,0.0,0.0,0.0,7.5,0.0,1.00,19.7,3,1283,43.85,30.90,0,0,6,0.0,1.00,1.00,1.00,2.50,3.50,2.67,48.0,0.912,0.533,8.00
10000,7,805,57.9,17.9,11.1,2.8,7.0,2.2,6.49,1.6,578,1258,42.51,36.69,266,216,323,2.3,7.74,2.43,8.15,5.61,6.47,6.84,32.7,1.053,0.653,7.04
10000,1,716,22.9,1.7,2.1,0.7,15.8,0.0,1.45,11.1,415,947,44.35,21.51,256,223,237,0.0,1.43,1.52,1.43,3.73,5.04,4.84,30.7,1.043,0.539,7.66
10000,8,576,27.7,0.7,9.3,2.6,10.0,0.2,1.19,3.9,460,1038,48.92,23.83,246,241,89,0.2,1.26,1.07,1.22,3.98,5.27,5.38,27.7,1.261,0.540,6.26
10000,29,254,44.7,0.8,11.7,0.0,19.1,0.0,1.23,3.1,197,1107,70.16,61.36,14,68,172,0.1,1.09,1.31,1.26,5.02,5.99,5.99,42.6,1.362,0.605,6.74
10000,57,100,19.7,1.8,1.0,1.2,13.5,0.0,1.50,11.3,57,939,39.63,10.21,9,53,38,0.0,1.46,1.51,1.54,3.98,4.18,7.36,34.4,1.001,0.369,8.36
10000,50,78,24.8,0.0,0.6,1.9,19.6,0.0,1.00,7.1,31,867,47.75,25.27,41,37,0,0.0,1.00,1.00,1.00,3.51,4.87,4.78,23.2,1.192,0.438,6.55
10000,60,64,54.9,12.4,0.1,0.0,24.3,0.0,3.09,0.9,28,899,81.36,55.78,7,48,9,0.0,3.99,2.47,2.96,5.73,6.06,6.23,32.4,1.111,0.364,6.38
10000,81,63,24.1,0.0,0.3,0.0,21.3,0.0,1.00,8.9,47,1067,42.02,11.04,3,54,6,0.0,1.00,1.00,1.00,3.97,6.81,4.38,33.6,1.107,0.427,7.76
10000,10,54,13.3,1.3,0.0,0.0,14.1,0.0,1.22,16.0,43,1311,34.29,10.00,18,34,2,0.0,1.32,1.04,1.27,3.63,6.07,3.89,26.1,0.816,0.595,8.70
10000,157,53,43.2,16.5,0.1,0.0,21.2,0.0,5.16,3.5,38,1134,118.88,44.26,23,28,2,0.0,6.65,2.69,5.66,5.30,6.00,6.26,27.9,0.815,0.634,6.98
10000,12,51,55.2,0.2,16.3,0.1,29.4,0.0,1.04,2.8,43,1384,138.17,71.30,11,34,6,0.0,1.07,1.00,1.04,6.37,6.92,7.37,30.4,1.188,0.474,7.84
10000,21,46,19.9,0.7,1.4,0.1,16.1,0.1,1.20,5.8,33,665,39.58,32.34,4,35,7,0.2,1.28,1.09,1.21,3.35,4.22,5.13,31.9,1.041,0.351,6.09
10000,42,46,16.8,0.0,0.0,0.9,15.8,0.0,1.00,13.7,24,1174,36.19,5.32,26,17,3,0.0,1.00,1.00,1.00,3.15,6.13,3.17,22.7,1.034,0.550,8.09
10000,101,42,21.7,4.7,0.0,0.7,14.2,0.0,2.40,9.4,35,1176,56.54,18.66,4,9,29,0.0,2.65,2.58,2.21,3.74,4.55,5.00,40.1,0.875,0.311,7.12
10000,49,41,28.4,1.4,4.0,0.3,15.7,0.3,1.35,5.4,36,1421,73.32,22.04,24,17,0,0.4,1.51,1.13,1.39,3.88,5.37,5.15,24.2,1.258,0.432,6.59
10000,24,41,21.4,0.1,2.7,2.2,13.6,0.0,1.02,12.4,33,880,50.16,29.38,2,16,23,0.1,1.02,1.02,1.02,3.54,5.54,4.51,44.0,1.230,0.563,8.02
10000,4,36,23.7,2.2,0.0,0.0,20.8,0.0,1.58,15.8,31,1129,41.41,19.47,7,8,21,0.0,1.77,1.55,1.50,3.97,5.42,5.42,35.9,0.916,0.418,9.14
10000,9,34,13.0,0.0,0.1,0.2,13.9,0.0,1.00,15.9,19,359,22.30,19.00,0,0,34,0.0,1.00,1.00,1.00,3.00,4.12,3.53,47.7,0.938,0.556,7.79
10000,43,32,20.6,5.1,0.0,1.0,16.2,0.0,2.60,11.1,22,1301,59.45,29.23,0,7,25,0.0,2.24,3.01,2.63,3.97,5.22,5.53,41.1,0.784,0.583,8.03
10000,84,30,13.1,0.0,0.0,0.0,9.9,0.0,1.00,8.1,10,193,7.95,1.67,30,0,0,0.0,1.00,1.00,1.00,2.57,5.70,2.43,23.0,1.327,0.661,6.10
10000,65,28,18.0,0.2,1.3,0.0,14.6,0.0,1.10,18.0,20,1026,50.65,30.93,18,4,6,0.0,1.04,1.13,1.10,3.11,4.11,4.00,27.1,1.096,0.729,8.54
10000,134,24,31.1,1.0,0.5,0.6,25.4,0.0,1.14,1.8,14,756,62.81,59.61,24,0,0,0.2,1.12,1.00,1.21,4.25,5.12,5.38,18.3,1.117,0.262,5.71
10000,6,18,25.2,0.9,0.4,0.1,21.7,0.0,1.29,9.1,14,1371,81.81,27.68,16,2,0,0.1,1.26,1.41,1.26,4.67,6.61,6.39,21.7,1.050,0.528,8.11
10000,181,17,38.2,0.8,6.2,1.4,23.5,0.0,1.14,2.6,17,1418,113.42,49.63,15,2,0,0.4,1.22,1.06,1.15,5.71,6.12,6.59,18.4,1.175,0.483,7.00
10000,102,17,20.8,0.0,0.0,0.0,17.1,0.0,1.00,4.6,11,1042,68.15,46.15,0,0,17,0.0,1.00,1.00,1.00,4.18,5.82,4.12,44.9,1.217,0.495,6.12
10000,128,16,41.1,3.0,1.7,3.6,23.8,0.2,1.87,1.6,15,1638,97.60,40.46,0,3,13,0.2,1.95,1.51,2.00,4.38,5.88,6.06,39.5,1.233,0.481,6.38
10000,47,16,39.2,0.0,0.0,0.0,35.5,0.0,1.00,0.0,2,626,43.18,21.69,0,13,3,0.0,1.00,1.00,1.00,5.25,6.00,6.00,32.8,1.103,0.526,6.00
10000,19,15,39.2,6.6,0.0,5.5,24.1,0.0,2.58,4.1,11,1423,71.26,22.61,15,0,0,0.0,2.82,3.39,2.15,5.67,6.73,5.60,20.1,0.973,0.289,7.20
10000,182,15,61.9,4.2,3.7,2.3,39.7,0.0,1.66,4.9,13,1201,202.92,91.49,11,4,0,0.1,1.43,1.86,1.68,6.73,6.80,7.67,23.6,1.169,0.607,8.47
10000,173,15,55.2,0.0,0.0,0.0,43.4,0.0,1.00,0.8,7,1460,92.39,55.60,0,10,5,0.0,1.00,1.00,1.00,5.60,6.80,6.53,35.0,1.271,0.563,6.87
10000,30,15,19.3,0.0,0.0,0.0,19.5,0.0,1.00,13.6,9,619,23.05,7.87,0,15,0,0.0,1.00,1.00,1.00,3.80,7.67,3.40,34.2,1.002,0.383,8.93
10000,26,14,27.1,0.0,0.0,5.9,19.7,0.0,1.00,12.0,12,1464,59.72,12.47,13,1,0,0.0,1.00,1.00,1.00,4.79,6.00,6.14,24.1,1.186,0.362,9.00
10000,127,13,12.0,0.0,0.0,0.0,11.5,0.0,1.00,15.2,8,1257,42.84,16.92,13,0,0,0.0,1.00,1.00,1.00,2.92,3.92,3.85,11.9,1.067,0.743,7.69
10000,187,13,58.6,6.4,24.7,0.0,10.9,0.0,2.86,2.6,12,1419,85.99,38.06,0,10,3,1.0,2.77,3.44,2.58,5.62,7.08,7.31,36.4,1.223,0.464,7.85
10000,150,13,27.0,6.7,0.0,1.8,12.2,0.0,3.19,7.1,5,1089,52.69,18.91,13,0,0,0.0,3.96,1.57,3.60,3.92,4.85,5.46,14.9,1.019,0.467,6.92
10000,202,13,13.6,0.0,0.9,0.0,13.0,0.0,1.00,13.2,8,589,25.86,21.76,0,11,2,0.0,1.00,1.00,1.00,3.54,3.62,5.38,34.4,1.007,0.550,7.23
10000,20,12,29.6,2.0,6.0,0.0,18.0,0.2,1.12,1.3,11,1112,64.30,25.26,12,0,0,0.5,1.11,1.03,1.17,4.25,5.83,5.50,21.3,1.048,0.426,6.00
10000,15,11,12.8,1.3,0.0,0.5,11.7,0.0,1.43,14.2,11,1199,44.08,14.89,0,2,9,0.0,1.42,2.18,1.31,3.18,5.18,2.82,40.4,0.840,0.454,7.55
10000,61,11,37.1,1.7,14.6,1.6,16.1,0.0,1.00,0.7,9,1317,143.77,36.44,11,0,0,0.0,1.00,1.00,1.00,5.73,6.82,6.45,18.9,1.047,0.545,6.82
10000,186,10,8.2,0.5,0.0,0.0,7.9,0.0,1.18,12.2,7,1301,58.53,19.59,0,0,10,0.0,1.23,1.29,1.13,3.00,5.00,3.50,44.8,0.912,0.622,7.10
10000,99,10,24.6,0.0,8.6,0.0,10.8,0.0,1.00,8.8,10,1865,82.07,54.89,0,1,9,0.0,1.00,1.00,1.00,3.40,5.10,4.50,44.3,1.277,0.491,7.00
10000,31,8,23.5,0.0,0.2,0.0,21.0,0.0,1.00,5.8,5,1292,72.83,30.50,0,8,0,0.0,1.00,1.00,1.00,4.25,5.88,5.75,34.1,1.091,0.394,7.25
10000,22,8,25.1,0.0,0.0,5.6,26.4,0.0,1.00,1.2,4,705,63.87,56.40,8,0,0,0.0,1.00,1.00,1.00,3.75,5.38,6.00,18.6,0.860,0.468,6.00
10000,86,8,21.7,0.0,1.9,0.0,20.4,0.0,1.00,9.5,7,554,41.28,13.54,0,8,0,0.0,1.00,1.00,1.00,4.50,4.50,5.25,29.9,0.966,0.572,7.25
10000,178,7,34.0,3.1,0.3,14.7,22.9,0.0,1.74,2.0,5,1468,74.57,37.97,0,3,4,0.3,1.94,1.61,1.72,5.57,7.29,6.86,38.6,0.911,0.505,7.57
10000,96,6,25.8,0.0,0.0,0.0,21.2,0.0,1.00,6.3,4,1657,56.55,19.06,0,6,0,0.0,1.00,1.00,1.00,3.83,4.33,5.50,29.7,1.232,0.443,6.50
10000,89,6,9.1,0.8,0.0,0.0,7.5,0.0,1.58,22.7,6,801,20.58,12.21,0,4,2,0.0,2.08,1.92,1.38,1.83,4.00,2.67,37.2,0.997,0.256,9.00
10000,172,5,25.5,0.0,1.4,0.0,22.2,0.0,1.00,6.8,5,1430,187.00,95.85,5,0,0,0.0,1.00,1.00,1.00,4.20,4.40,6.40,22.8,1.082,0.735,7.00
10000,40,5,49.5,0.0,0.0,0.0,40.6,0.0,1.00,6.8,4,1096,209.15,122.09,0,0,5,0.0,1.00,1.00,1.00,4.80,6.40,5.80,40.8,1.213,0.459,7.80
11000,7,856,58.7,18.0,10.8,3.1,7.8,2.2,6.48,1.4,631,1181,41.07,34.04,286,261,309,2.3,7.77,2.31,8.19,5.68,6.51,6.93,31.8,1.052,0.651,7.06
11000,1,495,24.0,1.4,2.0,0.5,16.8,0.0,1.32,11.7,298,973,47.71,21.65,181,163,151,0.0,1.30,1.35,1.33,3.74,5.04,5.15,30.2,1.084,0.534,7.96
11000,8,487,28.1,0.5,9.5,2.0,10.7,0.1,1.13,4.2,373,1025,52.12,21.41,270,179,38,0.3,1.19,1.04,1.14,4.09,5.31,5.33,25.1,1.255,0.498,6.26
11000,29,251,46.2,0.3,12.2,0.0,19.3,0.0,1.03,3.4,203,1051,70.29,58.25,25,80,146,0.0,1.03,1.04,1.02,4.92,5.91,5.88,40.6,1.410,0.623,6.73
11000,42,115,15.0,0.0,0.0,0.6,14.0,0.0,1.01,14.7,50,447,22.94,7.39,69,35,11,0.0,1.01,1.01,1.01,3.03,5.30,3.33,23.5,1.045,0.538,7.97
11000,12,79,46.9,0.4,13.1,0.6,25.3,0.1,1.10,3.4,62,816,88.58,54.56,27,39,13,0.1,1.15,1.10,1.08,5.61,6.54,6.86,28.7,1.182,0.458,7.54
11000,157,64,35.4,11.5,0.1,0.0,20.2,0.0,3.81,3.1,28,1231,113.46,51.31,22,42,0,0.0,4.88,2.01,4.18,4.98,5.47,6.31,28.7,0.847,0.620,6.66
11000,57,64,20.7,1.5,1.6,1.7,14.2,0.0,1.42,9.9,43,1445,64.45,10.57,6,29,29,0.0,1.39,1.44,1.43,3.83,5.02,7.05,34.7,1.022,0.365,8.27
11000,81,63,25.4,0.0,0.6,0.1,21.4,0.0,1.00,8.3,41,828,41.15,13.84,4,35,24,0.0,1.00,1.00,1.00,4.08,6.97,3.98,36.0,1.156,0.431,7.51
11000,60,56,52.7,12.6,0.1,0.0,22.0,0.0,3.96,1.4,36,1211,95.37,59.55,8,42,6,0.0,4.77,3.64,3.74,5.45,5.88,6.09,32.5,1.108,0.369,6.32
11000,215,56,13.1,0.9,0.5,0.3,12.4,0.0,1.39,11.3,42,1100,48.89,19.40,0,3,53,0.0,1.27,1.54,1.38,3.14,3.75,4.05,46.4,0.877,0.426,6.71
11000,101,53,21.7,2.4,0.0,3.9,16.9,0.0,1.69,6.5,36,1063,43.25,12.43,3,15,35,0.0,1.87,1.71,1.61,4.26,4.75,5.64,45.9,0.911,0.349,6.81
11000,102,49,9.1,0.0,0.2,0.0,7.3,0.0,1.00,10.7,21,470,19.40,11.12,0,12,37,0.0,1.00,1.00,1.00,2.31,4.88,1.90,39.3,1.197,0.510,6.06
11000,214,42,34.6,0.0,0.0,0.0,32.4,0.0,1.00,1.6,20,1386,94.56,48.71,41,1,0,0.0,1.00,1.00,1.00,5.07,6.00,5.69,16.2,1.069,0.532,6.24
11000,219,41,7.6,0.0,0.2,0.9,8.8,0.0,1.00,15.0,22,339,15.32,14.52,41,0,0,0.0,1.00,1.00,1.00,2.39,3.20,3.37,13.0,0.774,0.544,7.02
11000,49,39,34.5,2.5,5.1,0.0,17.9,0.5,1.57,4.8,35,1380,72.76,28.36,28,11,0,0.8,1.72,1.31,1.63,4.38,5.74,5.28,23.3,1.241,0.434,6.69
11000,21,38,24.8,2.3,2.6,0.0,16.8,0.7,1.58,4.1,32,1120,51.79,40.43,3,20,15,0.8,1.88,1.11,1.68,3.87,4.74,5.45,35.3,1.044,0.345,6.11
11000,24,34,16.2,0.5,1.7,0.4,10.7,0.1,1.24,14.9,30,994,38.86,18.02,12,12,10,0.1,1.22,1.28,1.22,2.97,4.79,3.35,35.8,1.211,0.563,7.76
11000,10,30,7.7,0.0,0.6,0.0,9.1,0.0,1.00,21.9,24,755,16.93,6.52,22,7,1,0.0,1.00,1.00,1.00,2.67,4.63,3.43,21.0,0.790,0.560,9.47
11000,4,29,24.1,2.3,0.0,0.0,20.5,0.0,1.59,15.3,26,1311,51.86,18.73,2,11,16,0.0,1.83,1.57,1.50,3.86,5.38,5.52,36.2,0.934,0.420,9.07
11000,50,25,23.6,0.0,0.9,2.2,18.0,0.0,1.00,6.5,17,1148,65.78,27.75,20,5,0,0.0,1.00,1.00,1.00,3.56,4.20,5.04,19.2,1.197,0.419,6.24
11000,43,23,20.1,5.1,0.5,0.5,15.3,0.0,2.44,11.5,17,1313,49.99,29.99,0,7,16,0.2,2.34,2.86,2.33,3.83,5.09,5.04,39.5,0.824,0.547,7.87
11000,65,21,27.4,0.4,2.1,0.3,22.0,0.0,1.09,14.9,9,957,75.56,39.21,15,0,6,0.0,1.07,1.12,1.08,2.67,4.67,5.14,28.8,1.088,0.709,8.62
11000,150,20,19.2,4.3,0.0,1.3,9.6,0.0,2.43,10.7,10,991,45.18,12.94,20,0,0,0.0,2.92,1.37,2.69,3.45,4.15,4.40,15.4,0.995,0.459,6.95
11000,19,20,27.7,4.7,0.1,3.2,17.2,0.0,2.21,9.3,14,947,50.88,16.40,18,2,0,0.1,2.53,2.51,1.89,4.35,5.75,4.60,20.4,0.970,0.298,7.45
11000,86,20,17.1,0.0,2.3,0.0,14.1,0.0,1.00,9.8,12,490,37.09,12.32,0,20,0,0.0,1.00,1.00,1.00,2.85,3.75,4.45,29.4,1.064,0.494,6.55
11000,134,19,26.2,0.4,0.3,0.8,21.8,0.0,1.06,1.9,12,1229,73.67,53.01,19,0,0,0.2,1.09,1.00,1.08,3.84,4.63,5.26,18.3,1.125,0.262,5.42
11000,172,19,43.6,0.0,1.3,0.0,41.1,0.0,1.00,2.0,9,413,49.93,18.83,19,0,0,0.0,1.00,1.00,1.00,6.32,6.58,6.42,18.7,1.036,0.705,7.00
11000,6,18,44.8,6.1,2.9,0.0,25.9,0.0,2.02,5.4,14,885,61.50,20.32,9,9,0,1.1,1.26,3.04,1.90,5.83,6.67,6.78,25.8,1.066,0.567,8.00
11000,31,18,21.0,0.0,0.3,0.0,18.2,0.0,1.00,7.6,8,648,47.65,21.70,0,18,0,0.0,1.00,1.00,1.00,3.89,4.61,6.17,34.3,1.112,0.385,7.28
11000,26,17,40.2,4.6,0.8,2.6,25.3,0.0,1.85,5.6,16,892,53.76,13.89,17,0,0,0.6,1.23,2.48,1.85,4.88,6.82,6.71,23.7,1.122,0.325,8.18
11000,30,16,15.9,1.5,0.0,0.0,12.4,0.0,1.34,18.9,12,839,32.22,6.68,0,16,0,0.0,1.35,1.44,1.27,3.12,6.00,2.81,33.4,1.050,0.376,9.12
11000,61,15,34.6,1.1,14.1,3.9,14.9,0.0,1.01,0.0,8,1237,148.97,49.45,15,0,0,0.1,1.00,1.02,1.02,6.00,6.53,6.53,18.7,1.038,0.512,6.53
11000,182,15,69.7,4.2,6.9,1.9,43.4,0.0,1.68,2.3,13,1429,253.44,117.17,9,6,0,0.1,1.43,1.90,1.69,6.33,7.60,7.80,24.3,1.167,0.606,8.27
11000,181,13,26.3,0.6,4.8,0.8,15.7,0.0,1.16,6.8,13,1577,98.79,54.84,10,3,0,0.2,1.11,1.19,1.18,4.62,5.00,6.23,19.5,1.182,0.472,7.23
11000,173,11,50.7,0.2,0.0,0.0,39.0,0.0,1.03,0.7,7,910,69.76,36.82,0,9,2,0.0,1.08,1.00,1.03,5.45,6.18,6.36,34.6,1.287,0.524,6.45
11000,47,11,33.5,0.0,0.0,0.0,30.0,0.0,1.00,1.8,5,857,66.93,52.93,4,7,0,0.0,1.00,1.00,1.00,5.82,5.55,5.55,26.1,1.121,0.486,6.00
11000,128,10,42.2,3.4,2.2,3.9,23.3,0.2,2.05,0.8,10,1826,131.49,59.04,0,1,9,0.2,2.11,1.79,2.12,4.50,5.90,6.30,39.7,1.245,0.475,6.30
11000,20,9,22.1,2.7,3.9,0.0,12.1,0.7,1.53,2.7,9,1591,96.37,45.31,9,0,0,0.7,1.56,1.11,1.72,3.89,5.89,4.89,21.3,1.042,0.428,5.89
11000,187,8,56.5,6.4,24.2,0.0,11.2,0.0,2.68,4.0,8,2447,98.49,40.31,0,7,1,1.2,2.74,3.29,2.34,5.38,6.75,7.25,36.4,1.190,0.452,8.00
11000,218,7,21.2,0.0,5.7,0.0,8.9,0.0,1.00,3.4,7,2767,124.84,16.09,0,0,7,0.0,1.00,1.00,1.00,3.29,4.00,4.29,51.6,1.451,0.501,5.00
11000,115,7,38.5,0.0,14.6,0.0,12.6,0.0,1.00,3.1,7,981,48.46,33.10,7,0,0,0.0,1.00,1.00,1.00,3.86,5.43,5.57,16.3,1.415,0.796,6.29
11000,202,7,17.8,0.0,0.9,0.0,17.4,0.0,1.00,12.0,6,1632,38.08,23.51,0,7,0,0.0,1.00,1.00,1.00,3.43,4.14,5.00,33.6,0.987,0.559,7.57
11000,178,6,27.6,3.0,0.2,12.8,17.5,0.0,1.69,4.7,5,1058,58.87,38.10,0,3,3,0.2,1.83,1.45,1.74,4.83,6.17,6.50,38.2,0.898,0.504,7.50
11000,22,6,18.1,0.0,1.2,4.5,18.8,0.0,1.00,6.0,6,578,42.01,29.27,6,0,0,0.0,1.00,1.00,1.00,3.33,4.83,4.50,17.3,0.836,0.505,6.17
11000,99,5,21.9,0.0,7.2,0.0,10.4,0.0,1.00,10.0,5,2516,88.27,53.28,0,0,5,0.0,1.00,1.00,1.00,3.40,5.00,4.00,48.4,1.289,0.486,7.00
11000,179,5,28.3,0.6,5.0,0.0,22.2,0.0,1.22,1.6,5,872,55.37,18.38,4,0,1,0.0,1.00,1.30,1.27,4.40,6.00,5.60,25.5,0.986,0.496,6.20
11000,186,5,11.7,0.2,2.0,0.0,11.6,0.0,1.09,8.4,4,1136,46.70,15.66,0,0,5,0.0,1.13,1.13,1.05,4.00,5.40,4.20,45.2,0.871,0.655,6.80
11000,15,5,3.2,0.0,0.0,0.0,4.2,0.0,1.00,19.2,4,226,9.25,0.73,0,0,5,0.0,1.00,1.00,1.00,1.20,2.40,2.40,43.2,0.758,0.404,7.20
11000,2,5,9.4,0.0,2.0,0.0,9.8,0.0,1.00,13.6,5,207,9.38,4.89,0,5,0,0.0,1.00,1.00,1.00,2.60,4.80,4.20,32.0,0.783,0.466,7.80
12000,7,832,57.4,16.9,11.1,3.0,8.1,2.3,6.08,1.5,628,1259,43.84,31.35,361,242,229,2.4,7.31,2.23,7.63,5.59,6.52,6.92,28.9,1.057,0.653,7.07
12000,8,696,26.6,1.2,5.4,1.1,14.0,0.0,1.24,7.6,465,1117,55.05,24.18,366,208,122,0.1,1.29,1.18,1.27,3.99,5.31,5.29,25.9,1.168,0.499,7.15
12000,29,203,45.6,0.2,12.7,0.0,18.2,0.0,1.03,3.2,174,1159,72.66,53.16,25,59,119,0.0,1.03,1.03,1.03,4.90,6.22,5.90,40.5,1.453,0.627,6.76
12000,157,92,22.5,4.7,0.1,0.0,17.4,0.0,2.16,6.2,47,801,77.22,44.37,24,67,1,0.0,2.46,1.48,2.38,3.63,4.43,5.83,29.3,0.866,0.606,6.62
12000,12,90,40.1,0.9,10.5,1.3,21.4,0.0,1.21,5.2,84,1037,99.38,52.28,31,40,19,0.1,1.30,1.18,1.20,4.93,6.28,6.11,29.3,1.172,0.446,7.43
12000,57,89,18.9,1.6,1.3,0.1,13.3,0.0,1.43,12.5,55,940,44.10,13.82,10,56,23,0.2,1.38,1.42,1.49,3.62,3.94,7.02,32.9,1.030,0.379,8.48
12000,214,57,32.6,0.1,0.0,0.0,29.9,0.0,1.05,3.1,25,827,54.17,37.56,56,1,0,0.0,1.06,1.04,1.05,4.74,5.65,5.54,15.8,1.079,0.529,6.35
12000,42,57,15.2,0.7,0.0,3.4,11.9,0.0,1.27,14.3,29,538,24.05,5.95,16,5,36,0.0,1.27,1.27,1.26,3.04,4.21,5.12,44.7,1.014,0.507,8.23
12000,60,49,46.1,11.3,0.0,0.0,19.0,0.0,3.19,2.8,42,1450,93.30,56.18,7,41,1,0.0,3.99,2.37,3.23,4.84,5.49,5.82,31.8,1.110,0.359,6.33
12000,81,48,10.4,0.0,0.7,0.0,8.8,0.0,1.00,12.0,18,225,9.15,8.87,0,7,41,0.0,1.00,1.00,1.00,3.04,6.94,1.92,39.2,1.097,0.390,7.44
12000,150,45,9.3,0.4,0.0,0.4,8.4,0.0,1.13,14.5,19,712,43.11,25.72,45,0,0,0.0,1.18,1.04,1.15,2.38,2.93,3.67,15.7,0.995,0.458,6.93
12000,225,45,15.6,0.0,0.7,0.0,14.0,0.0,1.00,26.1,16,651,33.70,5.72,36,9,0,0.0,1.00,1.00,1.00,3.29,4.53,4.40,22.0,1.068,0.436,11.00
12000,30,43,15.1,0.6,0.0,0.0,12.1,0.0,1.13,19.8,20,451,18.96,6.34,0,43,0,0.0,1.16,1.11,1.12,2.86,5.88,2.49,32.7,1.138,0.364,9.14
12000,21,30,23.6,1.8,2.2,0.0,16.9,0.6,1.47,4.1,22,1682,51.95,44.34,10,10,10,0.7,1.69,1.07,1.57,3.70,4.47,5.57,32.9,1.042,0.322,6.03
12000,215,29,19.4,0.4,1.1,0.5,19.3,0.0,1.11,7.1,29,1438,65.35,20.24,0,0,29,0.0,1.11,1.14,1.09,4.00,4.69,4.90,44.5,0.922,0.419,6.55
12000,187,28,48.8,0.9,23.9,0.0,14.6,0.0,1.24,4.0,26,703,36.64,33.72,15,13,0,0.3,1.19,1.33,1.21,5.00,6.57,7.07,26.0,1.205,0.461,7.82
12000,65,25,18.8,0.4,1.8,0.0,14.4,0.0,1.09,17.4,21,843,58.48,24.41,8,0,17,0.1,1.08,1.13,1.07,3.08,4.44,4.12,49.8,1.084,0.672,8.56
12000,10,23,8.6,0.0,0.0,0.0,11.1,0.0,1.00,20.1,20,899,25.13,9.47,21,2,0,0.0,1.00,1.00,1.00,2.91,5.43,4.00,15.8,0.773,0.566,9.48
12000,101,22,26.1,3.5,0.0,4.8,17.6,0.0,2.05,5.5,21,1428,49.05,13.64,0,6,16,0.0,2.38,1.89,1.94,4.50,4.73,5.91,48.5,0.962,0.375,6.68
12000,31,22,29.3,0.0,1.6,3.3,21.3,0.0,1.00,4.3,15,626,40.55,22.24,0,22,0,0.0,1.00,1.00,1.00,4.23,5.86,6.55,34.1,1.193,0.385,7.27
12000,19,21,20.5,2.8,0.0,1.6,15.1,0.0,1.78,10.8,12,900,45.80,19.13,20,1,0,0.0,2.05,1.89,1.58,3.38,5.95,4.14,20.6,0.958,0.301,7.52
12000,6,20,42.5,3.6,1.4,2.0,30.8,0.0,1.59,1.6,14,563,48.52,16.19,9,11,0,0.6,1.00,2.11,1.63,6.35,7.30,8.00,25.5,1.033,0.540,8.00
12000,86,19,31.8,0.0,10.1,0.0,21.8,0.0,1.00,6.8,14,628,38.42,11.56,0,19,0,0.0,1.00,1.00,1.00,5.16,6.00,5.21,32.3,1.012,0.522,7.26
12000,49,18,40.3,3.2,7.0,0.0,20.3,1.1,1.49,4.6,16,1610,107.78,29.63,17,1,0,1.2,1.72,1.00,1.62,4.44,5.83,6.06,22.2,1.194,0.442,6.89
12000,202,18,11.5,0.0,0.8,0.0,10.8,0.0,1.00,14.6,10,1125,27.87,27.97,0,18,0,0.0,1.00,1.00,1.00,3.00,3.28,4.11,31.7,1.003,0.553,7.33
12000,4,15,26.6,1.1,0.0,0.0,24.3,0.0,1.30,13.1,10,859,43.16,16.17,0,1,14,0.0,1.42,1.40,1.19,4.07,5.20,5.47,40.1,1.002,0.436,8.60
12000,61,14,35.2,1.2,14.4,3.4,15.8,0.3,1.08,0.7,10,1373,79.79,27.22,14,0,0,0.4,1.14,1.04,1.08,6.07,6.36,6.50,19.1,1.023,0.529,6.50
12000,218,14,39.7,0.0,14.5,0.0,12.0,0.0,1.00,0.1,12,614,26.56,7.30,0,0,14,0.0,1.00,1.00,1.00,4.43,5.50,5.43,52.8,1.491,0.475,5.50
12000,182,13,73.1,5.2,6.3,3.2,44.2,0.0,1.78,1.5,10,2259,308.20,124.00,9,4,0,0.1,1.50,2.04,1.79,6.77,7.46,8.23,23.3,1.166,0.608,8.23
12000,47,12,43.3,0.0,0.0,0.3,35.5,0.0,1.00,0.7,5,174,16.29,6.18,0,12,0,0.0,1.00,1.00,1.00,5.17,5.83,6.17,29.2,1.208,0.511,6.17
12000,223,11,11.5,1.3,0.0,2.5,8.5,0.0,1.60,16.2,11,1598,56.06,9.89,11,0,0,0.0,1.53,1.40,1.86,3.00,3.73,4.55,18.5,0.921,0.491,8.09
12000,134,10,20.6,0.0,0.0,0.0,18.0,0.0,1.00,3.0,7,1959,68.02,48.86,10,0,0,0.0,1.00,1.00,1.00,3.20,3.90,5.00,19.1,1.142,0.256,5.20
12000,172,10,44.1,0.0,2.0,0.0,42.0,0.0,1.00,0.2,6,1132,79.22,39.66,10,0,0,0.0,1.00,1.00,1.00,5.80,6.90,7.00,18.3,1.001,0.706,7.00
12000,50,9,24.0,0.0,1.2,2.4,18.2,0.0,1.00,4.4,7,2297,114.55,59.94,8,1,0,0.0,1.00,1.00,1.00,3.78,5.00,5.11,17.5,1.171,0.402,6.11
12000,219,9,6.5,0.0,0.3,2.1,6.7,0.0,1.00,17.8,9,1148,44.23,8.12,9,0,0,0.0,1.00,1.00,1.00,1.78,2.56,3.67,14.5,0.810,0.451,7.44
12000,26,9,41.0,8.7,1.4,1.1,19.0,0.0,2.99,3.8,9,1306,82.76,20.04,9,0,0,1.1,2.52,3.80,2.81,4.78,6.56,7.00,23.8,1.069,0.286,7.67
12000,128,8,43.6,0.0,4.2,1.5,29.2,0.0,1.00,0.0,4,1418,130.99,83.78,0,2,6,0.0,1.00,1.00,1.00,5.00,6.00,6.00,38.7,1.273,0.463,6.00
12000,186,8,5.1,0.0,0.1,0.0,5.5,0.0,1.00,14.8,3,854,21.23,8.15,0,0,8,0.0,1.00,1.00,1.00,2.50,4.50,2.25,41.1,0.909,0.694,7.00
12000,179,8,21.1,0.5,5.0,0.0,14.9,0.0,1.10,3.8,7,864,55.34,15.81,7,0,1,0.2,1.00,1.21,1.10,3.62,5.50,5.38,23.9,0.992,0.510,6.12
12000,102,7,17.7,0.0,0.0,0.0,16.6,0.0,1.00,2.6,6,1176,31.69,21.66,0,1,6,0.0,1.00,1.00,1.00,3.43,5.43,4.14,44.5,1.098,0.441,5.43
12000,43,6,21.7,9.0,0.3,0.7,12.7,0.2,3.93,11.0,6,1517,38.37,19.75,0,0,6,0.2,4.12,4.54,3.85,4.67,5.67,5.83,39.8,0.706,0.681,8.17
12000,20,5,32.6,6.8,0.0,0.0,15.6,0.0,2.36,3.2,5,1351,153.06,78.07,5,0,0,0.0,1.93,1.87,2.93,4.00,5.00,5.40,22.0,1.080,0.483,6.00
12000,24,5,12.4,0.0,0.0,0.0,10.4,0.0,1.00,17.6,5,1106,40.96,19.37,1,3,1,0.0,1.00,1.00,1.00,3.00,3.60,3.60,32.3,1.191,0.570,8.00
12000,115,5,50.8,0.0,19.6,0.0,14.6,0.0,1.00,0.0,3,779,18.27,13.92,5,0,0,0.0,1.00,1.00,1.00,5.20,6.00,6.00,13.7,1.487,0.787,6.00
13000,7,776,55.2,15.8,10.8,2.7,8.5,2.1,5.74,1.9,610,1333,45.11,29.57,345,262,169,2.2,6.85,2.28,7.14,5.51,6.45,6.84,28.1,1.064,0.652,7.08
13000,8,263,24.7,2.0,1.3,0.4,16.7,0.0,1.37,10.9,167,1193,53.80,26.53,160,51,52,0.0,1.35,1.38,1.37,3.86,5.06,5.54,25.7,1.120,0.525,7.94
13000,29,87,50.2,0.0,11.0,0.0,24.5,0.0,1.00,2.4,66,1131,67.59,36.31,15,37,35,0.0,1.00,1.00,1.00,4.91,6.16,6.29,37.1,1.409,0.619,6.78
13000,157,60,23.7,5.3,0.2,0.0,17.6,0.0,2.19,5.7,41,1075,86.99,45.96,18,40,2,0.1,2.08,2.18,2.28,4.13,4.67,5.80,29.2,0.875,0.612,6.65
13000,101,57,19.1,1.8,0.1,3.5,17.1,0.0,1.62,6.5,32,992,40.42,16.59,9,24,24,0.0,1.60,1.59,1.65,3.96,4.46,5.77,37.5,0.850,0.365,6.74
13000,234,53,9.9,0.0,0.2,0.2,10.8,0.0,1.00,10.5,36,495,32.55,24.53,52,1,0,0.0,1.00,1.00,1.00,2.70,4.55,3.06,21.0,0.888,0.537,6.36
13000,65,47,9.9,0.2,0.8,0.0,7.8,0.0,1.05,23.2,25,635,16.90,8.74,39,0,8,0.1,1.04,1.07,1.05,2.02,3.17,2.83,25.0,1.074,0.708,8.79
13000,214,45,29.1,0.1,0.0,0.0,27.2,0.0,1.05,5.1,26,969,70.88,51.04,41,4,0,0.0,1.05,1.05,1.04,4.67,5.33,5.22,17.3,1.068,0.559,6.53
13000,12,43,38.3,1.0,11.0,1.1,18.7,0.0,1.27,6.6,41,1531,94.61,55.48,3,28,12,0.0,1.41,1.24,1.25,4.49,5.93,5.72,33.8,1.198,0.459,7.47
13000,81,43,8.7,0.0,0.3,0.0,7.6,0.0,1.00,15.8,24,425,17.51,14.10,0,2,41,0.0,1.00,1.00,1.00,2.70,5.60,1.84,39.3,1.105,0.385,7.67
13000,60,39,54.4,14.8,0.0,0.0,19.6,0.0,4.58,1.4,29,1312,52.28,20.41,5,33,1,0.0,5.56,4.22,4.29,5.28,5.85,6.26,32.4,1.112,0.370,6.38
13000,225,33,19.0,0.0,2.3,0.0,15.7,0.0,1.00,23.9,19,586,26.63,6.73,26,6,1,0.0,1.00,1.00,1.00,3.91,5.36,4.79,22.9,1.060,0.437,10.97
13000,49,30,54.6,4.5,4.8,0.0,30.8,0.7,1.46,1.3,21,1066,88.36,27.33,25,5,0,0.7,1.53,1.18,1.57,5.80,6.43,6.57,23.2,1.224,0.457,6.83
13000,10,28,10.5,0.5,0.0,0.8,11.7,0.0,1.18,15.9,19,862,25.00,8.57,13,15,0,0.0,1.06,1.37,1.16,3.61,6.36,4.04,24.4,0.777,0.601,8.96
13000,57,28,21.0,2.1,3.4,0.8,12.0,0.0,1.48,10.9,22,1263,43.29,11.09,3,20,5,0.5,1.28,1.58,1.57,4.18,4.50,6.86,31.3,1.020,0.345,8.36
13000,42,28,16.0,1.1,0.0,3.2,12.0,0.0,1.39,13.4,17,1355,52.85,19.24,4,4,20,0.0,1.35,1.36,1.45,3.04,4.32,5.39,49.4,1.015,0.511,8.14
13000,187,25,48.3,2.0,20.2,0.0,16.8,0.2,1.71,3.8,25,1120,72.63,43.81,15,10,0,0.3,1.78,1.62,1.72,5.12,6.64,7.16,25.3,1.194,0.478,7.84
13000,150,19,10.7,0.0,0.0,0.1,10.7,0.0,1.00,13.2,12,1355,62.90,45.12,19,0,0,0.0,1.00,1.00,1.00,2.84,3.58,3.79,16.4,0.998,0.448,6.95
13000,233,15,43.2,5.1,0.6,0.7,30.5,0.0,2.24,4.1,14,1890,158.92,96.83,0,15,0,0.0,1.80,2.63,2.32,5.40,7.00,6.13,33.1,1.032,0.514,7.47
13000,6,15,45.0,3.8,1.7,0.4,33.0,0.0,1.70,1.3,10,1353,100.30,30.37,7,8,0,0.6,1.00,2.22,1.77,6.33,7.60,7.73,25.8,1.044,0.542,8.00
13000,215,14,10.8,0.0,0.8,0.0,11.1,0.0,1.00,10.9,8,890,40.86,28.02,0,0,14,0.0,1.00,1.00,1.00,2.50,3.79,3.36,46.1,0.944,0.444,6.29
13000,236,14,17.1,1.1,1.8,0.9,15.1,0.0,1.25,8.4,14,1549,101.15,55.69,14,0,0,0.0,1.26,1.36,1.19,3.21,4.07,5.36,12.9,0.879,0.435,6.71
13000,219,13,17.2,0.0,0.0,3.3,21.3,0.0,1.00,11.2,11,1335,51.27,16.85,13,0,0,0.0,1.00,1.00,1.00,3.69,4.23,4.92,15.9,0.776,0.470,7.31
13000,134,12,32.2,0.0,0.0,0.0,26.0,0.0,1.00,0.3,3,841,63.59,35.37,12,0,0,0.0,1.00,1.00,1.00,4.25,5.00,5.17,19.8,1.241,0.255,5.17
13000,218,12,39.6,0.0,14.7,0.0,11.8,0.0,1.00,0.2,10,1622,32.37,7.36,0,1,11,0.0,1.00,1.00,1.00,4.33,5.58,5.50,51.2,1.494,0.474,5.58
13000,30,11,28.0,2.5,0.0,0.0,19.9,0.0,1.51,14.2,7,1392,30.77,3.68,0,11,0,0.0,1.64,1.43,1.47,4.09,7.18,4.09,33.4,1.140,0.374,9.18
13000,61,11,31.5,1.0,11.8,3.8,14.9,0.4,1.06,0.9,10,1778,107.92,60.33,11,0,0,0.5,1.12,1.05,1.04,5.36,6.27,6.45,18.5,1.018,0.501,6.45
13000,47,10,29.5,0.0,0.0,0.0,24.7,0.0,1.00,3.2,7,692,57.10,29.24,4,6,0,0.0,1.00,1.00,1.00,4.40,5.70,4.70,26.8,1.195,0.526,6.00
13000,31,9,33.7,0.0,2.6,5.0,22.2,0.0,1.00,2.9,7,1424,57.78,33.39,0,9,0,0.0,1.00,1.00,1.00,4.00,5.89,7.33,34.0,1.233,0.380,7.33
13000,115,8,47.0,0.0,19.1,0.0,11.9,0.0,1.00,0.0,3,1152,27.64,29.56,8,0,0,0.0,1.00,1.00,1.00,6.12,6.00,6.00,12.7,1.514,0.775,6.00
13000,172,8,42.8,0.0,0.2,0.0,41.4,0.0,1.00,1.8,4,1198,88.40,31.44,8,0,0,0.0,1.00,1.00,1.00,5.12,6.75,6.38,18.4,1.029,0.701,7.00
13000,4,8,34.3,1.6,0.0,0.0,30.6,0.0,1.32,9.0,8,1106,69.79,30.88,0,0,8,0.0,1.39,1.35,1.25,4.50,5.50,7.25,38.7,1.023,0.427,8.62
13000,26,7,40.6,9.1,1.4,1.4,17.6,0.0,3.29,3.4,7,2440,113.92,25.19,7,0,0,1.0,3.20,3.93,2.99,4.57,6.29,7.43,23.5,1.064,0.285,7.71
13000,21,7,22.2,2.4,2.6,0.0,14.3,0.7,1.61,6.6,7,1700,25.40,11.29,2,2,3,0.9,1.95,1.00,1.75,3.71,4.29,4.71,33.5,1.018,0.301,6.14
13000,223,6,18.8,1.2,0.0,7.0,15.0,0.0,1.36,6.0,6,1618,74.41,7.47,6,0,0,0.0,1.40,1.17,1.53,4.83,5.83,6.83,18.8,0.898,0.498,7.83
13000,19,6,28.5,5.2,0.0,3.3,18.0,0.0,2.29,9.7,5,1728,89.42,9.56,6,0,0,0.0,2.88,2.55,1.86,4.33,5.67,4.50,19.2,0.953,0.290,7.50
13000,230,5,14.7,0.0,0.0,0.0,21.8,0.0,1.00,10.4,5,2398,45.90,11.25,1,4,0,0.0,1.00,1.00,1.00,4.00,6.40,5.80,27.5,0.673,0.498,8.40
13000,128,5,36.7,2.6,1.8,10.4,16.8,0.0,1.62,2.8,5,1058,110.12,44.69,0,0,5,0.0,1.91,1.00,1.79,4.60,6.20,5.20,38.3,1.263,0.471,6.40
14000,7,597,53.0,14.1,10.7,3.0,9.4,2.1,5.16,2.1,492,1355,41.05,32.02,316,196,85,2.1,6.20,2.06,6.42,5.43,6.41,6.83,25.9,1.069,0.652,7.10
14000,8,197,29.6,2.4,1.2,0.4,21.2,0.0,1.44,9.2,112,1113,60.16,26.44,167,19,11,0.0,1.24,1.64,1.43,4.26,5.54,5.68,20.5,1.089,0.551,7.88
14000,150,68,9.3,0.3,0.0,0.2,8.6,0.0,1.20,16.2,30,350,18.58,9.84,68,0,0,0.0,1.49,1.00,1.18,2.49,3.66,2.75,14.5,0.995,0.404,7.25
14000,10,58,12.8,0.7,0.0,0.2,14.5,0.0,1.23,15.8,28,410,16.35,6.46,51,7,0,0.0,1.19,1.33,1.22,3.81,7.10,3.97,20.0,0.798,0.597,9.48
14000,225,53,16.0,0.0,1.9,0.0,13.0,0.0,1.00,27.9,13,446,21.78,4.50,49,3,1,0.0,1.00,1.00,1.00,3.62,4.38,3.66,19.4,1.098,0.420,10.98
14000,214,52,23.7,0.0,0.1,0.0,22.2,0.0,1.00,7.2,26,820,83.18,54.93,52,0,0,0.0,1.01,1.00,1.00,3.92,4.71,4.90,15.8,1.119,0.565,6.60
14000,19,41,15.2,2.7,0.0,0.9,9.6,0.0,1.72,10.0,23,508,29.51,16.12,32,9,0,0.0,2.03,1.74,1.59,3.12,4.32,3.66,20.6,1.037,0.327,6.29
14000,65,37,9.1,0.1,0.9,0.0,7.0,0.0,1.05,23.4,19,788,17.95,9.78,33,1,3,0.1,1.00,1.08,1.06,1.97,3.22,2.70,22.1,1.100,0.719,8.78
14000,234,30,14.8,0.0,0.1,0.9,16.2,0.0,1.00,7.3,21,897,32.86,37.05,28,2,0,0.0,1.00,1.00,1.00,3.43,5.70,3.60,21.4,0.893,0.560,6.37
14000,157,27,23.2,7.6,0.3,0.0,13.6,0.0,2.88,7.4,25,1133,62.04,27.31,16,8,3,0.1,2.91,3.04,2.80,4.22,5.22,5.30,26.6,0.831,0.647,7.04
14000,29,26,47.6,0.0,13.9,0.0,18.7,0.0,1.00,3.9,26,1724,65.05,45.84,5,5,16,0.0,1.00,1.00,1.00,4.88,6.12,6.27,41.4,1.459,0.604,7.12
14000,187,25,48.3,2.4,18.3,0.0,18.6,0.2,1.49,3.5,25,1873,111.18,49.15,16,9,0,0.5,1.59,1.53,1.41,5.44,6.80,7.24,25.0,1.180,0.477,7.88
14000,101,21,20.0,3.2,0.4,3.5,17.2,0.0,2.07,6.0,16,1734,49.83,14.10,4,8,9,0.0,1.99,1.99,2.17,4.24,4.57,6.05,34.3,0.791,0.347,6.81
14000,49,21,43.0,2.5,4.0,0.0,25.7,0.1,1.27,2.3,17,841,83.68,22.02,15,6,0,0.1,1.35,1.29,1.23,4.95,6.00,6.10,22.3,1.250,0.453,6.62
14000,57,19,24.3,3.1,5.0,1.0,11.2,0.0,1.72,11.5,18,2095,49.13,13.58,2,13,4,0.8,1.39,1.85,1.86,4.21,4.74,6.47,31.5,1.031,0.346,8.42
14000,61,14,28.0,0.0,12.4,0.0,14.5,0.0,1.00,2.0,14,620,41.29,24.75,14,0,0,0.0,1.00,1.00,1.00,5.43,6.43,6.71,17.5,1.043,0.609,7.00
14000,42,14,17.9,1.6,0.0,3.4,12.7,0.0,1.60,12.0,9,2325,55.40,8.95,2,3,9,0.0,1.55,1.57,1.66,3.71,4.50,5.86,50.1,1.010,0.492,8.07
14000,250,13,37.7,2.7,0.0,1.7,31.3,0.0,1.82,2.6,11,1271,90.16,42.11,5,8,0,0.0,1.93,1.15,2.35,5.85,6.38,5.85,25.5,1.003,0.439,6.77
14000,245,13,23.6,0.0,0.0,5.6,22.9,0.0,1.00,6.6,12,706,74.13,31.86,12,1,0,0.0,1.00,1.00,1.00,4.54,4.92,5.92,19.8,0.924,0.405,7.08
14000,218,12,39.1,0.0,14.3,0.0,11.8,0.0,1.00,0.2,11,2622,36.41,7.59,1,0,11,0.0,1.00,1.00,1.00,4.50,5.58,5.50,50.3,1.494,0.474,5.58
14000,6,11,38.2,0.0,0.7,0.5,37.6,0.0,1.00,0.9,8,1435,80.70,27.17,7,4,0,0.0,1.00,1.00,1.00,5.91,8.00,7.91,25.3,0.996,0.562,8.18
14000,60,10,47.3,11.2,0.0,0.0,19.4,0.0,3.97,2.0,10,2172,74.46,20.66,4,6,0,0.0,4.41,3.73,3.85,5.30,5.50,6.30,27.6,1.136,0.372,6.40
14000,247,9,59.4,4.9,0.0,0.0,41.4,0.0,2.20,0.0,6,2410,123.61,60.30,9,0,0,0.0,2.34,2.59,1.94,5.44,6.89,6.89,21.4,1.160,0.495,6.89
14000,12,9,37.6,3.4,10.8,0.7,13.0,0.0,1.92,6.4,9,2120,90.15,37.28,0,6,3,0.0,2.06,1.85,1.90,5.11,6.11,5.56,33.9,1.200,0.475,7.44
14000,242,9,29.3,5.3,5.9,2.2,7.9,0.6,2.14,1.1,9,1501,25.61,19.72,4,4,1,1.7,1.38,3.00,2.11,4.00,6.11,6.00,28.8,1.155,0.517,6.11
14000,236,9,23.3,1.7,3.6,5.4,15.1,0.0,1.60,4.0,7,591,30.04,9.70,9,0,0,0.0,1.75,1.97,1.45,3.67,5.00,5.22,14.4,0.926,0.433,6.11
14000,47,9,33.7,0.0,0.0,0.0,28.1,0.0,1.00,1.6,5,1366,71.61,30.06,5,4,0,0.0,1.00,1.00,1.00,3.78,5.78,5.44,25.8,1.200,0.525,6.00
14000,81,8,11.1,0.0,1.6,0.0,9.1,0.0,1.00,10.8,8,1189,16.89,22.73,0,3,5,0.0,1.00,1.00,1.00,3.38,6.75,2.62,38.4,1.037,0.417,7.38
14000,219,7,8.0,0.0,0.0,1.3,9.1,0.0,1.00,12.9,5,1183,30.02,11.86,7,0,0,0.0,1.00,1.00,1.00,1.86,3.57,3.71,16.0,0.815,0.452,6.86
14000,115,7,31.8,0.0,14.9,0.0,5.9,0.0,1.00,1.4,7,1162,39.10,21.75,6,1,0,0.0,1.00,1.00,1.00,3.71,5.86,5.29,17.5,1.528,0.756,5.86
14000,223,7,6.4,0.0,0.0,0.6,6.4,0.0,1.00,15.4,2,296,16.61,9.69,7,0,0,0.0,1.00,1.00,1.00,2.57,2.86,3.71,21.4,0.992,0.587,7.14
14000,233,5,45.6,3.2,0.2,0.6,36.8,0.0,1.77,3.2,5,2077,102.62,39.35,0,5,0,0.0,1.80,1.65,1.85,6.20,7.20,6.80,32.6,1.024,0.516,7.60
14000,4,5,38.7,1.8,0.0,0.0,34.6,0.0,1.36,8.0,5,1883,63.74,33.59,0,1,4,0.0,1.46,1.39,1.28,4.60,6.00,7.40,38.6,1.021,0.434,8.60
14000,30,5,43.0,5.4,0.0,0.0,27.0,0.0,2.11,8.4,4,2092,12.83,0.60,0,5,0,0.0,2.40,1.96,2.04,5.20,8.40,5.80,33.9,1.161,0.394,9.20
15000,7,323,55.0,14.7,10.2,3.4,10.5,2.0,5.37,1.9,263,1378,42.56,32.03,232,80,11,2.1,6.46,2.16,6.66,5.70,6.54,6.89,20.7,1.066,0.658,7.15
15000,8,133,33.3,3.7,0.1,0.6,22.7,0.0,1.75,7.5,70,1137,64.79,26.77,128,5,0,0.0,1.66,1.79,1.78,4.43,5.86,6.46,15.5,1.111,0.525,8.00
15000,214,87,26.9,1.1,0.0,0.0,24.0,0.0,1.27,7.0,27,396,37.88,22.48,75,12,0,0.0,1.43,1.10,1.29,3.91,4.77,4.76,17.5,1.030,0.560,6.51
15000,150,71,13.7,0.8,0.3,0.3,12.0,0.0,1.28,14.3,34,399,21.94,7.04,71,0,0,0.0,1.46,1.08,1.28,2.82,4.28,3.38,14.2,0.988,0.417,7.41
15000,10,60,8.9,0.0,0.0,0.0,10.9,0.0,1.00,20.1,29,314,14.77,3.38,57,3,0,0.0,1.00,1.00,1.00,2.97,5.33,3.40,19.5,0.818,0.585,9.38
15000,223,42,9.8,0.0,0.0,0.1,8.7,0.0,1.00,18.3,15,399,16.51,6.33,33,9,0,0.0,1.00,1.00,1.00,2.38,3.00,4.98,23.6,1.087,0.615,8.52
15000,187,30,44.5,6.4,4.2,0.0,20.5,0.2,2.64,5.3,18,700,24.10,20.65,16,14,0,0.6,2.04,3.55,2.53,4.97,6.10,6.37,25.3,1.197,0.483,7.57
15000,157,27,40.9,15.4,1.2,0.0,20.1,0.0,4.03,3.3,25,1236,74.03,24.63,22,5,0,0.4,3.12,5.15,3.94,5.44,6.48,6.33,22.8,0.789,0.658,7.19
15000,65,27,10.1,0.0,0.0,0.0,9.8,0.0,1.00,22.1,15,524,20.95,11.11,26,1,0,0.0,1.00,1.00,1.00,2.59,3.37,3.37,20.0,1.039,0.764,8.89
15000,245,25,31.5,0.0,0.1,11.0,29.0,0.0,1.00,1.4,15,995,62.84,17.78,13,10,2,0.0,1.00,1.00,1.00,6.20,6.36,6.68,26.4,0.913,0.403,6.88
15000,19,25,16.4,3.6,0.0,0.3,9.4,0.0,2.07,11.4,18,900,52.23,23.24,23,2,0,0.0,2.65,2.39,1.85,3.16,4.68,3.48,18.1,1.038,0.344,6.64
15000,61,25,30.5,0.0,11.6,0.2,18.2,0.0,1.00,2.7,24,808,58.81,29.62,25,0,0,0.0,1.00,1.00,1.00,5.68,6.56,6.40,16.8,1.015,0.581,7.08
15000,258,18,23.4,3.7,0.0,0.0,16.9,0.0,2.20,6.7,16,2036,36.42,25.25,7,11,0,0.0,2.16,2.62,2.02,3.17,5.50,4.72,26.1,1.018,0.553,6.61
15000,225,17,19.1,0.0,5.1,0.0,13.4,0.0,1.00,25.1,11,1492,44.55,13.90,12,5,0,0.0,1.00,1.00,1.00,4.12,5.00,4.47,22.4,1.079,0.422,10.94
15000,49,16,45.1,3.0,2.9,0.1,28.0,0.2,1.15,2.2,14,1748,123.90,25.35,10,6,0,0.2,1.23,1.04,1.17,5.56,6.06,6.06,23.9,1.225,0.466,6.62
15000,263,16,18.9,0.0,0.0,0.0,27.7,0.0,1.00,8.6,11,509,36.90,6.97,14,2,0,0.0,1.00,1.00,1.00,5.19,7.69,6.00,23.7,0.687,0.508,9.00
15000,250,13,32.4,2.8,0.0,5.0,24.0,0.0,1.83,4.0,13,1459,102.74,77.24,7,6,0,0.0,1.98,1.15,2.35,4.38,6.15,5.69,24.1,1.007,0.442,6.92
15000,101,11,19.1,3.6,0.7,1.8,16.0,0.0,2.04,6.7,10,2393,48.03,9.10,2,6,3,0.2,2.10,1.93,2.05,3.73,4.64,5.64,30.6,0.796,0.351,6.82
15000,234,10,8.3,0.0,0.2,2.4,8.1,0.0,1.00,10.8,9,597,17.33,18.83,10,0,0,0.0,1.00,1.00,1.00,3.10,5.00,2.60,15.0,0.872,0.471,6.50
15000,259,9,22.5,0.2,4.7,1.4,10.0,0.0,1.04,5.8,8,1746,20.87,12.05,2,6,1,0.1,1.03,1.06,1.04,3.44,4.67,5.78,31.8,1.439,0.764,6.67
15000,247,8,60.9,8.4,0.0,0.0,35.0,0.0,3.22,0.0,5,1679,48.31,21.31,8,0,0,0.0,3.49,4.22,2.58,6.25,6.62,6.62,21.5,1.176,0.513,6.62
15000,50,7,21.0,0.0,0.0,0.0,18.4,0.0,1.00,4.0,6,644,51.08,11.88,7,0,0,0.0,1.00,1.00,1.00,3.57,4.71,4.43,15.4,1.131,0.394,5.57
15000,260,6,27.8,2.0,4.3,2.3,14.0,0.0,1.66,9.3,6,2422,33.11,11.40,2,3,1,0.0,1.93,1.07,1.82,3.50,5.00,5.33,28.0,1.193,0.474,7.50
15000,6,5,24.2,0.0,0.0,21.0,16.0,0.0,1.00,4.4,5,1008,17.79,2.92,0,5,0,0.0,1.00,1.00,1.00,5.00,8.00,6.20,29.2,0.896,0.558,8.20
15000,42,5,15.0,2.8,0.0,0.0,9.4,0.0,1.79,14.4,4,577,14.52,9.33,3,2,0,0.0,1.69,1.78,1.91,4.00,3.60,6.40,24.7,1.017,0.438,8.00
16000,7,220,54.0,13.5,8.7,5.1,13.1,1.9,4.86,1.6,174,1486,55.91,30.66,175,35,10,2.0,5.93,1.96,6.00,5.57,6.60,7.00,19.4,1.056,0.652,7.16
16000,8,144,33.5,5.0,1.1,0.2,20.7,0.0,2.11,8.6,68,1066,48.46,15.81,130,14,0,0.0,1.95,2.34,2.08,4.31,5.49,6.19,15.6,1.079,0.501,7.96
16000,214,100,33.7,1.4,0.0,0.0,30.8,0.0,1.36,2.6,26,485,45.36,25.51,60,37,3,0.0,1.56,1.24,1.33,5.47,5.81,5.66,22.9,1.010,0.569,6.36
16000,61,55,31.9,0.0,8.9,0.4,22.8,0.0,1.00,1.6,45,580,36.31,14.98,54,1,0,0.0,1.00,1.00,1.00,5.29,6.76,6.80,16.2,1.006,0.555,7.13
16000,42,46,18.4,0.7,0.0,5.7,12.7,0.0,1.14,12.3,17,541,47.30,17.64,46,0,0,0.0,1.10,1.30,1.12,3.59,8.02,2.93,6.1,1.087,0.527,8.52
16000,157,35,26.1,6.9,0.5,0.0,19.6,0.0,2.46,6.1,19,772,53.81,17.12,35,0,0,0.2,1.50,3.46,2.46,4.60,6.77,5.26,21.4,0.777,0.662,7.51
16000,10,34,18.8,2.7,1.4,0.0,16.9,0.0,1.36,12.1,20,706,31.94,6.64,30,4,0,0.4,1.14,1.35,1.47,4.44,7.53,4.88,19.2,0.817,0.578,9.18
16000,245,32,35.3,0.0,0.1,9.7,34.0,0.0,1.00,0.9,15,915,33.45,8.18,15,15,2,0.0,1.00,1.00,1.00,6.12,6.62,6.88,26.2,0.906,0.408,6.97
16000,150,31,21.2,1.8,0.0,1.6,16.3,0.0,1.39,8.4,14,597,52.99,13.81,31,0,0,0.0,1.87,1.02,1.35,3.74,5.71,4.16,16.6,1.023,0.481,7.00
16000,263,31,19.2,0.0,0.0,0.0,28.2,0.0,1.00,9.7,19,570,33.33,11.63,14,17,0,0.0,1.00,1.00,1.00,4.90,8.19,6.00,25.5,0.684,0.500,9.06
16000,187,20,39.0,5.4,2.5,0.0,18.8,0.0,2.37,6.5,15,1580,27.51,17.57,10,10,0,0.3,1.47,3.33,2.33,4.75,5.45,6.20,25.7,1.209,0.483,7.45
16000,250,17,46.0,9.0,0.0,6.7,22.6,0.0,3.67,2.0,15,1016,83.79,40.20,14,3,0,0.0,4.47,2.28,3.98,5.29,6.65,6.24,21.5,1.029,0.429,6.94
16000,47,12,51.9,4.4,0.6,8.2,33.8,0.0,1.00,0.0,10,734,34.99,20.59,10,1,1,0.0,1.00,1.00,1.00,6.08,6.83,6.83,25.1,1.102,0.585,6.83
16000,277,11,24.6,2.1,0.0,0.0,15.9,0.0,1.58,11.1,7,1671,117.78,96.60,11,0,0,0.0,1.83,1.83,1.36,3.45,7.36,3.18,19.2,1.210,0.479,8.00
16000,19,8,29.6,7.8,0.0,0.6,15.0,0.0,2.92,5.0,8,2324,124.54,69.61,5,3,0,0.0,3.43,2.62,2.87,4.38,6.00,5.75,21.4,1.000,0.373,6.50
16000,65,7,7.8,0.0,0.0,0.0,7.4,0.0,1.00,23.7,7,1155,27.26,21.61,7,0,0,0.0,1.00,1.00,1.00,2.14,3.00,2.86,19.8,1.054,0.729,8.86
16000,247,6,56.3,6.8,0.0,0.0,33.5,0.0,2.56,0.0,4,1201,48.22,12.31,6,0,0,0.0,2.89,3.19,2.08,5.33,6.33,6.33,20.4,1.192,0.521,6.33
16000,273,5,35.5,8.8,0.0,0.2,17.4,0.0,3.40,6.4,5,1636,135.72,15.46,4,0,1,0.0,2.23,4.20,3.59,4.00,6.60,5.20,21.1,0.994,0.600,7.40
16000,234,5,9.5,0.0,0.2,4.8,8.6,0.0,1.00,10.4,5,1346,54.38,41.80,4,1,0,0.0,1.00,1.00,1.00,2.80,5.20,3.20,17.2,0.846,0.493,6.80
17000,7,451,47.6,8.3,4.2,8.5,19.6,0.8,3.30,1.1,262,610,30.72,11.89,178,163,110,0.9,3.98,1.87,3.76,5.66,6.70,6.79,29.5,1.069,0.662,7.00
17000,214,219,39.2,3.1,0.0,0.0,30.8,0.0,1.78,1.1,53,505,50.87,21.41,95,92,32,0.0,2.09,1.36,1.84,5.41,5.78,5.84,28.7,1.050,0.600,6.09
17000,61,104,22.8,0.7,4.0,0.0,16.9,0.0,1.18,6.0,51,574,53.11,20.85,104,0,0,0.0,1.16,1.19,1.18,4.00,5.77,5.09,16.5,1.050,0.570,6.93
17000,8,90,35.2,4.2,0.8,0.7,23.6,0.0,1.95,6.5,46,1302,84.13,33.05,89,1,0,0.0,1.87,2.03,1.97,4.86,5.73,6.28,15.1,1.091,0.531,7.60
17000,10,68,16.8,1.6,0.7,0.0,15.6,0.1,1.37,10.9,43,562,43.26,19.79,60,8,0,0.2,1.40,1.22,1.41,3.99,5.74,4.60,21.4,0.869,0.549,7.76
17000,42,62,16.1,0.5,0.0,4.3,11.0,0.0,1.10,11.2,26,828,49.15,25.60,62,0,0,0.0,1.13,1.15,1.08,3.15,7.39,2.92,6.6,1.168,0.498,7.81
17000,288,58,38.2,0.1,20.9,0.2,10.3,0.0,1.01,5.2,45,416,22.82,7.08,51,6,1,0.1,1.02,1.00,1.01,4.45,5.71,6.31,19.5,1.183,0.497,7.22
17000,245,51,38.8,0.0,0.1,12.8,36.3,0.0,1.00,1.8,33,746,33.41,10.54,40,10,1,0.0,1.00,1.00,1.00,6.47,7.06,7.06,23.9,0.909,0.442,7.49
17000,291,43,18.3,0.0,2.4,0.4,11.4,0.0,1.00,5.7,26,536,28.17,8.24,15,10,18,0.0,1.00,1.00,1.00,3.98,5.47,3.86,35.3,1.299,0.504,5.98
17000,287,35,25.5,0.3,6.6,0.4,10.6,0.0,1.06,2.7,32,1037,80.65,61.03,35,0,0,0.1,1.00,1.09,1.08,3.40,4.40,4.49,10.6,1.439,0.280,5.11
17000,150,32,18.8,2.4,0.0,1.8,12.7,0.0,1.46,10.2,17,883,67.36,17.46,32,0,0,0.0,1.98,1.03,1.41,3.47,5.44,3.59,16.1,1.029,0.485,7.00
17000,289,25,51.9,0.1,19.4,0.0,17.6,0.0,1.00,1.7,23,1361,111.60,58.92,19,3,3,0.0,1.00,1.00,1.00,6.00,6.52,6.56,24.9,1.403,0.606,6.96
17000,277,24,24.2,1.7,1.2,0.0,15.5,0.0,1.70,10.0,11,536,24.75,29.29,24,0,0,0.0,1.76,1.76,1.65,3.50,7.67,3.25,19.4,1.191,0.478,7.88
17000,263,23,18.3,0.0,0.0,0.0,27.0,0.0,1.00,10.7,17,855,50.99,27.16,19,4,0,0.0,1.00,1.00,1.00,4.61,7.35,5.43,24.1,0.689,0.498,8.91
17000,250,22,55.2,17.0,0.0,6.2,13.0,0.0,6.46,2.2,16,971,93.88,38.91,11,6,5,0.0,7.66,4.63,6.78,4.91,6.59,6.36,27.8,1.085,0.420,7.00
17000,211,17,25.1,0.9,0.5,0.0,17.5,0.0,1.19,2.4,9,1042,52.57,40.32,17,0,0,0.0,1.00,1.44,1.18,3.24,6.00,4.82,19.2,1.279,0.499,6.00
17000,157,17,37.0,12.9,1.3,0.0,21.2,0.0,3.65,3.1,17,1686,122.27,29.38,14,2,1,0.3,1.75,5.57,3.65,4.41,6.53,6.06,23.5,0.769,0.637,7.06
17000,292,12,42.0,0.0,5.2,2.6,23.2,0.0,1.00,2.0,10,1253,88.87,35.87,11,1,0,0.0,1.00,1.00,1.00,4.17,6.42,5.75,19.1,1.398,0.557,6.58
17000,290,12,43.5,0.0,4.1,7.1,30.3,0.0,1.00,0.8,11,1804,139.36,111.52,9,3,0,0.0,1.00,1.00,1.00,6.50,7.00,6.92,23.7,1.143,0.429,7.17
17000,187,9,35.9,4.2,1.8,0.0,19.1,0.0,2.16,6.9,9,2468,22.94,23.51,3,6,0,0.3,1.69,2.80,2.05,4.33,5.00,6.22,26.9,1.223,0.474,7.33
17000,247,8,56.2,5.1,0.0,0.0,37.4,0.0,2.17,0.0,4,1808,106.28,9.09,8,0,0,0.0,2.42,2.65,1.81,6.50,6.50,6.50,20.3,1.178,0.511,6.50
17000,293,8,22.6,0.5,4.2,0.0,11.0,0.0,1.09,3.5,8,1244,125.70,21.24,8,0,0,0.1,1.08,1.08,1.09,3.50,4.00,4.25,10.7,1.398,0.410,5.00
17000,47,8,48.6,4.1,0.6,7.1,31.6,0.0,1.15,0.0,8,1766,51.97,38.02,6,1,1,0.0,1.23,1.12,1.12,5.88,6.75,6.75,26.0,1.109,0.578,6.75
17000,65,6,3.3,0.0,0.5,0.0,2.7,0.0,1.00,23.7,4,740,22.32,4.22,6,0,0,0.0,1.00,1.00,1.00,1.50,2.00,1.50,16.5,1.092,0.761,7.67
17000,273,5,54.3,8.8,0.0,0.0,33.8,0.0,2.97,0.0,3,1302,42.35,1.32,2,0,3,0.0,1.11,4.20,3.29,5.20,7.60,7.60,29.8,1.071,0.570,7.60
18000,7,807,46.5,6.6,3.3,9.6,22.8,0.6,2.72,1.2,437,776,50.19,15.78,234,309,264,0.6,3.34,1.65,2.99,5.85,6.76,6.75,32.3,1.057,0.652,7.03
18000,214,415,37.6,3.1,0.0,0.0,29.8,0.0,1.89,1.4,138,629,56.64,22.52,112,212,91,0.0,2.26,1.42,1.97,5.27,5.78,5.82,31.1,1.045,0.604,6.13
18000,8,154,27.1,1.7,4.7,0.6,15.7,0.0,1.34,8.1,91,951,62.75,29.67,137,12,5,0.1,1.20,1.46,1.35,4.08,5.18,5.66,18.6,1.166,0.491,7.36
18000,291,153,17.5,0.5,1.2,1.1,11.2,0.0,1.15,4.9,62,423,21.88,6.44,31,36,86,0.0,1.21,1.09,1.16,3.71,5.80,3.76,36.9,1.259,0.464,5.96
18000,61,129,22.3,0.9,3.4,2.2,15.4,0.1,1.25,6.4,60,781,70.10,24.13,112,16,1,0.1,1.27,1.28,1.23,3.72,5.98,4.86,20.0,1.039,0.567,6.98
18000,10,66,17.5,1.4,0.9,0.0,16.8,0.1,1.38,9.5,39,798,54.35,24.29,54,12,0,0.1,1.37,1.28,1.42,4.18,6.62,5.06,21.9,0.871,0.524,7.74
18000,157,58,25.5,1.1,0.6,0.0,30.6,0.0,1.22,4.8,25,173,13.98,4.60,3,39,16,0.0,1.16,1.24,1.25,5.34,6.71,5.78,32.7,0.765,0.627,7.43
18000,42,52,15.4,0.6,0.0,3.9,10.5,0.0,1.14,11.0,31,982,47.55,16.58,52,0,0,0.0,1.17,1.21,1.10,3.33,7.00,2.87,8.5,1.162,0.495,7.54
18000,245,50,32.7,0.0,1.0,10.7,28.3,0.0,1.00,3.8,39,583,37.99,12.52,40,10,0,0.0,1.00,1.00,1.00,5.14,6.48,6.36,22.8,0.951,0.468,7.34
18000,304,46,21.1,0.9,0.1,0.4,15.5,0.0,1.28,4.0,21,379,20.79,9.03,45,1,0,0.1,1.25,1.30,1.29,3.72,5.04,5.30,19.0,1.195,0.443,6.15
18000,289,34,51.6,0.0,19.8,0.0,18.6,0.0,1.00,0.3,26,1197,109.13,54.70,22,11,1,0.0,1.00,1.00,1.00,6.29,6.71,6.68,24.6,1.326,0.595,6.76
18000,290,32,53.4,0.0,4.5,5.8,34.6,0.0,1.00,1.1,25,515,58.61,41.44,6,18,8,0.0,1.00,1.00,1.00,6.16,6.88,6.97,31.9,1.250,0.403,7.16
18000,307,31,11.4,0.7,0.0,4.5,12.5,0.0,1.16,19.5,21,654,48.19,20.63,26,5,0,0.0,1.19,1.19,1.12,4.16,3.97,7.84,17.1,0.707,0.413,9.74
18000,263,28,20.5,0.1,0.0,0.0,29.8,0.0,1.01,9.6,24,867,67.17,48.79,21,7,0,0.0,1.00,1.02,1.01,5.18,7.57,5.82,24.8,0.692,0.491,9.04
18000,277,28,13.8,0.8,0.6,0.0,9.2,0.0,1.23,15.1,12,885,34.40,28.61,28,0,0,0.0,1.33,1.33,1.14,2.43,4.89,2.57,15.5,1.214,0.460,7.46
18000,250,23,63.9,20.0,0.0,3.0,15.3,0.0,7.29,0.5,14,875,64.14,23.38,7,3,13,0.0,8.70,5.23,7.68,5.65,6.74,6.91,37.4,1.112,0.426,6.91
18000,287,19,26.3,0.3,6.1,0.3,12.3,0.0,1.11,1.5,19,996,65.81,36.88,19,0,0,0.1,1.14,1.08,1.11,3.32,4.37,5.00,9.2,1.389,0.277,5.05
18000,150,18,18.6,2.4,0.0,1.4,12.6,0.0,1.46,10.2,10,1738,102.85,21.88,17,1,0,0.0,1.98,1.03,1.43,3.61,5.72,3.39,15.2,1.028,0.491,7.06
18000,65,17,4.7,0.0,0.7,0.0,3.7,0.0,1.00,22.1,7,553,20.36,3.76,17,0,0,0.0,1.00,1.00,1.00,1.65,2.53,1.82,16.5,1.097,0.747,7.71
18000,306,12,85.9,3.2,30.6,0.8,27.4,0.0,1.12,0.0,4,659,107.27,38.95,12,0,0,0.3,1.00,1.34,1.08,6.25,8.00,8.00,19.2,1.324,0.654,8.00
18000,293,9,30.8,0.1,8.2,0.2,13.3,0.0,1.00,1.8,8,715,36.63,22.11,9,0,0,0.0,1.00,1.00,1.00,3.56,4.89,4.89,9.1,1.431,0.395,5.33
18000,47,8,52.7,7.6,1.1,6.2,29.9,0.2,2.08,0.0,8,2495,59.11,36.06,7,0,1,0.2,2.50,2.20,1.80,5.25,6.88,6.88,24.1,1.078,0.582,6.88
18000,292,5,26.5,0.0,0.0,0.0,18.6,0.0,1.00,6.4,2,510,23.12,14.54,4,1,0,0.0,1.00,1.00,1.00,4.20,7.00,3.80,20.4,1.421,0.500,7.00
19000,7,1023,46.4,7.4,3.7,9.0,20.7,0.7,3.01,1.6,608,1084,75.05,24.60,289,418,316,0.8,3.60,1.85,3.39,5.65,6.62,6.71,32.6,1.060,0.651,7.05
19000,214,648,35.7,2.8,1.0,0.2,27.4,0.0,1.78,2.7,261,811,64.83,25.90,208,269,171,0.0,2.06,1.44,1.84,4.94,5.69,5.78,30.3,1.051,0.583,6.40
19000,291,308,16.1,0.3,1.9,0.9,9.6,0.0,1.09,6.8,148,549,25.35,9.98,66,73,169,0.0,1.08,1.08,1.10,3.31,4.81,3.87,36.7,1.278,0.454,5.97
19000,157,160,16.6,0.9,0.1,0.0,19.0,0.0,1.18,8.9,90,361,24.09,11.20,24,92,44,0.0,1.21,1.11,1.21,3.96,5.38,5.12,32.9,0.811,0.618,7.27
19000,61,117,27.1,0.9,4.3,1.9,19.0,0.1,1.29,4.7,59,884,72.27,26.93,102,15,0,0.1,1.30,1.29,1.30,4.41,6.24,5.94,18.1,1.055,0.574,7.21
19000,245,59,24.5,0.0,0.0,6.9,23.7,0.0,1.00,5.4,45,631,40.07,18.56,44,15,0,0.0,1.00,1.00,1.00,4.51,6.02,5.42,24.4,0.903,0.421,7.03
19000,263,51,11.3,0.1,0.0,0.0,15.6,0.0,1.07,16.6,40,602,33.65,19.98,31,20,0,0.0,1.06,1.07,1.08,3.55,5.86,3.88,25.0,0.711,0.509,8.94
19000,65,49,5.4,0.0,0.4,0.0,4.6,0.0,1.00,20.0,22,478,19.92,8.47,45,4,0,0.0,1.00,1.00,1.00,1.53,2.37,2.29,21.3,1.085,0.756,7.33
19000,304,49,24.3,1.7,0.0,0.2,17.4,0.0,1.51,3.8,26,416,21.16,6.80,46,3,0,0.0,1.08,1.65,1.66,4.16,5.18,5.57,17.9,1.171,0.452,6.33
19000,290,49,54.7,0.0,5.4,6.7,34.4,0.0,1.00,0.9,35,959,116.57,67.59,6,22,21,0.0,1.00,1.00,1.00,6.06,6.96,6.92,35.2,1.253,0.397,7.16
19000,10,41,14.1,1.2,0.5,0.0,13.5,0.1,1.23,12.8,37,1430,72.99,32.56,32,8,1,0.2,1.29,1.13,1.26,3.32,5.15,4.63,22.5,0.864,0.510,7.83
19000,292,40,18.9,0.0,0.9,0.0,12.8,0.0,1.00,9.4,28,404,22.88,15.17,32,1,7,0.0,1.00,1.00,1.00,3.22,5.72,3.08,24.6,1.358,0.474,6.75
19000,42,39,16.5,1.5,0.0,4.1,8.9,0.0,1.55,10.5,22,887,31.56,8.47,38,1,0,0.0,1.50,1.76,1.50,3.00,6.59,2.62,9.9,1.205,0.476,7.21
19000,289,36,44.4,0.2,14.4,0.2,19.1,0.0,1.00,0.9,24,1114,80.87,52.19,15,19,2,0.0,1.00,1.00,1.00,5.72,6.14,6.31,27.2,1.303,0.578,6.44
19000,307,33,14.1,0.7,0.0,5.5,15.6,0.0,1.18,15.4,19,1320,72.53,26.70,30,3,0,0.0,1.17,1.18,1.19,4.64,4.12,8.88,16.1,0.714,0.406,9.67
19000,150,31,14.4,2.0,0.0,1.6,9.4,0.0,1.47,12.6,12,985,40.53,22.01,31,0,0,0.0,1.90,1.13,1.43,2.81,4.45,3.39,13.0,1.029,0.476,7.03
19000,293,20,40.9,1.6,8.5,0.0,16.5,0.8,1.26,1.1,16,490,24.87,16.22,20,0,0,0.8,1.68,1.00,1.18,4.45,5.45,5.45,7.3,1.437,0.387,5.70
19000,8,20,8.1,0.0,0.0,0.0,6.3,0.0,1.00,17.0,11,485,18.52,4.35,20,0,0,0.0,1.00,1.00,1.00,2.60,2.70,2.80,16.5,1.290,0.499,7.00
19000,277,18,18.8,0.0,1.4,0.6,16.4,0.0,1.00,10.0,10,1258,46.50,28.21,16,2,0,0.0,1.00,1.00,1.00,3.39,6.39,3.61,17.2,1.098,0.505,7.44
19000,306,15,75.9,3.3,27.5,0.5,23.0,0.2,1.12,0.1,9,1434,176.45,62.12,15,0,0,0.5,1.02,1.31,1.08,6.13,7.80,7.87,19.5,1.326,0.659,7.87
19000,250,14,13.8,1.4,0.1,0.0,11.1,0.1,1.45,17.1,10,495,30.09,19.54,14,0,0,0.1,1.57,1.34,1.44,2.43,3.14,3.86,21.1,0.971,0.401,7.79
19000,287,12,25.6,0.4,5.8,0.5,11.8,0.0,1.17,2.0,12,2038,109.65,31.67,12,0,0,0.1,1.22,1.13,1.17,3.67,4.25,4.75,8.1,1.380,0.262,5.00
19000,314,6,51.7,2.7,6.5,4.0,26.3,1.0,1.58,0.0,5,1366,135.35,54.73,6,0,0,1.2,1.93,1.00,1.70,5.67,6.33,6.33,19.3,1.295,0.264,6.33
20000,7,1241,44.9,7.7,4.0,8.6,18.8,0.7,3.19,2.2,787,1091,77.38,27.67,366,480,395,0.8,3.70,2.04,3.67,5.45,6.39,6.59,32.6,1.055,0.644,7.04
20000,214,701,35.0,2.7,0.6,0.1,27.5,0.0,1.78,2.7,297,983,72.83,28.54,184,313,204,0.0,2.06,1.47,1.82,4.82,5.68,5.66,32.3,1.047,0.590,6.32
20000,291,297,19.4,0.4,3.9,1.3,9.5,0.0,1.13,5.9,168,736,34.02,17.28,78,53,166,0.1,1.11,1.15,1.14,3.58,5.03,4.40,38.1,1.293,0.463,6.10
20000,316,223,33.0,0.0,10.0,0.0,16.5,0.0,1.00,6.1,177,645,43.36,50.39,84,54,85,0.0,1.00,1.00,1.00,4.43,5.52,5.65,30.4,1.200,0.618,7.05
20000,10,82,11.9,1.1,0.8,0.0,10.3,0.0,1.39,20.2,46,446,24.14,8.27,36,42,4,0.0,1.31,1.46,1.39,2.62,4.33,4.13,25.6,0.854,0.556,9.12
20000,157,64,24.6,2.3,0.0,0.0,26.0,0.0,1.45,7.0,54,902,64.18,28.83,19,33,12,0.0,1.33,1.44,1.53,4.70,5.92,5.66,30.4,0.807,0.607,7.50
20000,245,59,28.7,0.0,0.0,9.4,27.5,0.0,1.00,3.5,36,724,48.37,21.81,39,20,0,0.0,1.00,1.00,1.00,5.42,6.24,6.07,24.8,0.896,0.410,7.03
20000,290,56,57.6,0.6,6.4,6.3,33.6,0.0,1.17,0.5,40,1310,135.95,82.62,4,20,32,0.0,1.22,1.15,1.17,5.75,7.05,7.18,37.8,1.294,0.391,7.21
20000,61,53,30.3,0.0,3.6,4.1,22.7,0.0,1.00,3.4,28,1434,93.47,30.38,39,14,0,0.0,1.00,1.00,1.00,4.91,6.91,7.34,22.0,1.078,0.639,7.85
20000,292,35,18.8,0.0,0.3,0.0,13.2,0.0,1.00,11.2,31,721,33.60,14.34,28,2,5,0.0,1.00,1.00,1.00,2.86,5.80,3.03,23.3,1.414,0.476,7.20
20000,289,33,37.0,0.2,11.9,0.5,16.8,0.0,1.02,1.6,25,1555,141.49,71.72,15,18,0,0.0,1.00,1.05,1.01,5.55,6.00,6.00,26.3,1.266,0.574,6.36
20000,304,32,26.7,2.0,0.5,0.1,19.3,0.1,1.50,3.6,22,867,37.11,8.66,31,1,0,0.1,1.17,1.74,1.55,4.25,5.59,5.75,13.9,1.136,0.488,6.56
20000,42,32,19.6,2.1,0.0,7.3,9.4,0.0,1.81,10.2,16,1152,40.02,12.78,30,2,0,0.0,1.72,2.19,1.72,3.72,7.41,3.41,14.5,1.138,0.508,7.62
20000,150,31,9.5,0.7,0.0,0.7,7.5,0.0,1.22,15.1,22,611,26.93,15.24,31,0,0,0.0,1.45,1.02,1.21,2.32,3.94,2.52,14.7,1.035,0.463,7.00
20000,263,30,13.8,0.6,0.0,0.0,18.2,0.0,1.21,13.1,23,1178,47.42,17.88,19,11,0,0.0,1.28,1.25,1.18,3.90,7.17,4.53,25.2,0.718,0.505,9.00
20000,320,28,8.7,0.0,0.0,0.0,11.4,0.0,1.00,11.1,12,197,11.74,11.03,28,0,0,0.0,1.00,1.00,1.00,2.75,3.54,4.61,12.4,0.768,0.731,6.86
20000,307,26,12.5,0.0,0.0,2.9,16.1,0.0,1.00,16.3,16,940,81.59,19.48,26,0,0,0.0,1.00,1.00,1.00,4.12,3.42,8.31,15.2,0.712,0.406,9.54
20000,277,26,14.9,0.0,1.6,0.0,11.6,0.0,1.00,10.5,12,401,15.90,11.59,22,4,0,0.0,1.00,1.00,1.00,3.46,6.77,3.54,21.3,1.121,0.493,7.62
20000,8,21,8.5,0.0,0.0,0.0,7.0,0.0,1.00,16.3,20,748,27.64,9.06,21,0,0,0.0,1.00,1.00,1.00,2.67,3.38,3.38,17.1,1.251,0.500,7.24
20000,321,17,24.0,1.9,0.0,2.1,14.3,0.0,1.33,10.4,9,1220,45.55,10.43,9,8,0,0.0,1.72,1.02,1.28,4.12,5.06,7.35,23.2,1.222,0.377,7.88
20000,65,16,4.3,0.0,0.2,0.0,3.8,0.0,1.00,20.2,6,1094,32.03,13.24,13,3,0,0.0,1.00,1.00,1.00,1.25,2.12,2.25,24.2,1.091,0.700,7.25
20000,287,14,22.8,0.0,4.6,5.1,11.9,0.0,1.00,0.9,11,937,42.06,15.98,14,0,0,0.0,1.00,1.00,1.00,3.64,4.86,4.71,7.3,1.184,0.234,5.00
20000,306,11,69.5,3.5,23.7,0.0,21.6,0.3,1.10,0.2,8,2208,233.46,82.59,11,0,0,0.7,1.02,1.14,1.12,6.00,7.73,7.82,19.9,1.326,0.661,7.82
20000,293,10,34.5,1.6,9.1,0.0,11.9,0.8,1.42,2.2,9,1567,46.19,32.93,10,0,0,0.8,1.72,1.13,1.42,3.90,5.00,5.30,6.5,1.417,0.378,5.70
21000,7,1426,41.7,8.0,4.8,6.2,15.7,0.9,3.29,3.6,963,991,68.43,32.29,417,553,456,1.0,3.81,2.00,3.84,5.02,6.04,6.22,32.7,1.067,0.636,7.01
21000,214,711,33.6,3.4,0.1,0.1,25.6,0.0,2.03,3.2,346,952,69.63,32.47,128,346,237,0.0,2.40,1.53,2.13,4.58,5.52,5.50,34.4,1.035,0.596,6.26
21000,291,429,23.0,0.7,5.4,0.9,10.1,0.0,1.16,5.0,290,762,31.70,19.64,63,191,175,0.1,1.15,1.13,1.19,3.61,5.05,4.65,37.6,1.311,0.485,6.00
21000,316,230,38.4,0.2,11.1,0.0,18.6,0.0,1.06,4.5,185,882,55.13,56.32,94,58,78,0.0,1.01,1.08,1.07,4.69,6.04,5.92,29.9,1.257,0.629,7.04
21000,157,152,19.0,1.3,0.2,0.0,20.5,0.0,1.32,9.7,102,612,37.85,20.18,56,56,40,0.0,1.38,1.32,1.30,4.13,5.37,4.80,29.7,0.824,0.601,7.45
21000,61,69,21.8,0.1,2.9,0.1,16.3,0.0,1.11,9.1,35,963,49.96,23.29,68,1,0,0.0,1.14,1.14,1.09,4.07,5.36,5.88,18.9,1.110,0.657,7.81
21000,290,63,62.8,0.5,7.7,5.3,35.9,0.0,1.17,0.7,39,1079,108.79,81.37,4,32,27,0.0,1.20,1.16,1.17,6.33,7.11,7.32,36.2,1.318,0.419,7.37
21000,277,50,10.7,0.0,1.0,0.0,8.6,0.0,1.00,15.4,26,759,38.41,21.12,45,5,0,0.0,1.00,1.00,1.00,2.50,5.34,3.06,20.1,1.112,0.517,7.90
21000,245,48,26.2,0.0,0.0,8.9,25.1,0.0,1.00,4.5,34,1210,59.57,23.43,33,15,0,0.0,1.00,1.00,1.00,5.21,6.02,5.79,24.2,0.887,0.412,7.02
21000,150,39,12.6,0.5,0.0,0.4,11.3,0.0,1.15,12.6,19,576,20.11,8.85,35,4,0,0.0,1.28,1.04,1.14,2.59,4.79,3.05,16.2,1.011,0.452,7.05
21000,293,33,34.1,2.7,4.5,0.4,15.6,0.2,1.69,0.8,27,493,27.02,14.65,27,6,0,0.2,2.17,1.04,1.78,3.79,4.97,5.15,17.6,1.369,0.430,5.24
21000,289,32,45.5,1.1,13.3,0.5,19.7,0.0,1.10,0.1,20,1076,93.52,44.75,19,13,0,0.1,1.00,1.17,1.11,6.03,6.16,6.16,23.9,1.265,0.584,6.19
21000,324,30,41.2,12.9,0.0,0.0,14.9,0.0,4.51,1.3,17,616,23.20,6.72,1,29,0,0.0,3.12,6.16,4.42,4.10,5.43,5.30,29.5,1.017,0.580,5.70
21000,292,30,8.1,0.0,0.0,0.0,6.3,0.0,1.00,20.1,21,449,19.24,8.16,30,0,0,0.0,1.00,1.00,1.00,2.30,3.67,3.13,19.1,1.293,0.476,8.37
21000,304,29,30.2,1.5,1.6,0.0,19.7,0.0,1.45,3.2,19,558,38.10,20.99,29,0,0,0.0,1.00,1.56,1.61,4.41,5.62,5.83,19.3,1.242,0.397,6.52
21000,263,24,21.9,2.0,0.0,0.0,26.6,0.0,1.44,13.2,21,606,22.37,9.33,11,13,0,0.0,1.50,1.59,1.36,4.92,6.33,5.50,25.7,0.722,0.520,9.21
21000,10,22,26.8,6.5,0.0,0.0,12.6,0.0,3.04,8.1,15,1200,63.86,17.39,13,6,3,0.0,3.38,3.00,2.91,3.86,5.32,4.91,26.5,1.000,0.473,6.73
21000,307,21,8.9,0.0,0.0,0.7,12.0,0.0,1.00,18.1,13,972,47.50,18.18,21,0,0,0.0,1.00,1.00,1.00,3.33,2.57,7.57,14.4,0.718,0.411,9.38
21000,8,15,33.3,0.0,0.0,0.0,26.4,0.0,1.00,8.0,10,629,19.84,6.72,15,0,0,0.0,1.00,1.00,1.00,4.67,6.20,4.67,16.9,1.245,0.494,7.40
21000,42,13,19.7,0.9,0.0,13.4,10.1,0.0,1.29,9.4,5,1454,74.65,28.84,12,1,0,0.0,1.31,1.62,1.20,4.38,8.08,4.31,21.0,1.059,0.556,8.08
21000,321,12,18.5,1.0,0.0,1.8,11.8,0.0,1.15,12.3,7,1167,43.15,10.42,4,8,0,0.0,1.29,1.10,1.10,3.58,4.58,7.25,26.4,1.226,0.374,8.08
21000,287,10,21.5,0.0,3.3,5.4,12.2,0.0,1.00,1.4,10,681,38.09,18.49,10,0,0,0.0,1.00,1.00,1.00,3.80,4.40,5.10,6.6,1.111,0.221,5.10
21000,306,8,53.1,7.0,13.5,0.0,14.6,0.0,2.19,4.5,7,884,106.38,64.41,8,0,0,0.6,1.87,2.97,2.05,5.38,6.25,6.25,20.9,1.255,0.658,7.38
21000,65,5,5.4,0.0,0.2,0.0,4.8,0.0,1.00,19.6,5,1411,32.51,20.24,3,2,0,0.0,1.00,1.00,1.00,1.20,2.20,2.40,25.3,1.093,0.723,7.20
22000,7,1468,41.2,7.8,4.8,5.2,16.2,0.9,3.26,3.9,989,1138,65.66,34.63,408,573,487,1.0,3.76,1.99,3.76,4.94,5.99,6.18,33.3,1.071,0.623,7.03
22000,214,730,33.9,3.5,0.0,0.2,25.7,0.0,2.03,2.6,379,917,64.85,33.52,134,311,285,0.0,2.39,1.53,2.12,4.69,5.63,5.59,35.2,1.038,0.588,6.23
22000,291,413,23.3,0.5,5.7,1.0,10.4,0.0,1.11,4.2,278,876,35.26,21.74,66,188,159,0.1,1.09,1.08,1.14,3.70,5.21,4.56,35.6,1.310,0.493,5.90
22000,316,299,38.8,0.1,10.7,0.1,18.7,0.0,1.04,4.9,219,874,49.70,45.52,84,79,136,0.0,1.01,1.05,1.05,4.69,5.97,5.94,33.3,1.291,0.612,7.11
22000,157,136,21.3,2.3,0.0,0.0,20.7,0.0,1.59,10.2,77,810,52.16,25.65,27,68,41,0.0,1.57,1.73,1.54,4.07,5.65,4.84,33.0,0.855,0.596,7.75
22000,326,90,11.4,0.9,0.1,1.0,12.7,0.0,1.14,12.5,63,544,30.96,16.96,88,2,0,0.0,1.14,1.13,1.15,3.18,4.97,4.19,19.5,0.760,0.562,7.63
22000,290,75,62.0,0.7,5.6,3.1,38.3,0.0,1.23,0.5,43,1100,152.78,94.17,8,36,31,0.0,1.28,1.15,1.23,6.23,7.00,7.19,35.5,1.310,0.436,7.23
22000,245,74,29.0,0.0,0.5,10.3,26.7,0.0,1.00,2.7,53,869,56.13,17.42,57,17,0,0.0,1.00,1.00,1.00,5.49,6.23,6.32,23.9,0.897,0.410,6.95
22000,277,64,23.8,0.3,0.2,0.0,21.9,0.0,1.08,8.3,26,687,37.76,17.24,57,7,0,0.0,1.12,1.09,1.06,3.86,6.55,4.39,15.3,1.085,0.489,7.44
22000,292,63,8.5,0.0,0.3,0.0,6.0,0.0,1.00,18.8,23,336,9.83,2.64,62,1,0,0.0,1.00,1.00,1.00,2.25,2.46,4.13,19.8,1.329,0.456,7.98
22000,293,50,42.3,6.4,2.6,0.3,18.6,0.0,2.76,1.0,33,727,44.29,14.47,44,6,0,0.0,3.64,1.06,3.18,4.06,5.26,5.36,17.9,1.293,0.465,5.54
22000,10,42,24.9,2.8,0.0,0.7,18.4,0.0,1.79,4.9,27,878,44.78,12.18,33,8,1,0.0,1.79,1.85,1.77,4.31,5.05,5.19,22.2,1.029,0.491,6.29
22000,289,32,40.0,1.2,12.0,1.8,16.8,0.0,1.20,0.7,21,1034,70.30,36.39,10,19,3,0.2,1.00,1.32,1.23,5.56,5.91,5.81,28.2,1.220,0.583,6.03
22000,61,21,27.7,0.3,8.0,0.5,14.7,0.0,1.06,8.1,13,1308,46.00,18.35,21,0,0,0.0,1.01,1.10,1.07,4.29,5.52,7.14,18.2,1.182,0.716,8.33
22000,65,19,4.5,0.0,0.0,0.0,4.8,0.0,1.00,18.5,7,588,18.69,13.14,0,19,0,0.0,1.00,1.00,1.00,1.42,2.42,2.32,31.7,0.956,0.704,7.00
22000,150,18,16.0,0.6,0.0,0.0,15.1,0.0,1.12,9.4,9,1064,35.48,7.38,17,1,0,0.0,1.26,1.00,1.11,3.67,5.61,3.83,16.7,0.984,0.470,7.00
22000,307,17,6.5,0.0,0.0,3.2,7.5,0.0,1.00,18.9,13,816,26.78,7.93,17,0,0,0.0,1.00,1.00,1.00,3.12,2.35,7.65,12.9,0.717,0.424,9.06
22000,310,16,28.7,1.5,0.7,0.0,19.4,0.0,1.73,3.8,12,944,41.39,16.63,16,0,0,0.0,2.31,1.27,1.69,4.06,6.00,4.62,17.8,1.239,0.608,6.19
22000,304,16,39.0,1.1,6.4,2.2,21.6,0.0,1.34,2.1,11,1249,47.32,11.17,15,1,0,0.0,1.00,1.67,1.44,5.94,6.62,6.31,19.9,1.251,0.363,7.00
22000,263,13,16.6,1.1,0.0,0.0,19.2,0.0,1.22,16.8,12,542,26.25,16.44,0,13,0,0.0,1.03,1.42,1.22,3.92,5.15,5.85,30.6,0.789,0.565,9.38
22000,42,12,19.6,0.9,0.0,13.3,10.0,0.0,1.30,9.7,3,1790,86.73,40.38,10,2,0,0.0,1.30,1.63,1.20,4.08,8.08,4.25,21.9,1.059,0.555,8.08
22000,324,12,38.9,9.1,0.0,0.0,19.1,0.0,2.89,0.2,8,763,54.78,28.59,0,12,0,0.0,2.56,2.74,3.14,4.58,5.92,6.00,31.2,1.045,0.646,6.00
22000,287,8,18.3,0.0,3.0,4.5,10.9,0.0,1.00,2.2,8,1577,52.39,14.69,8,0,0,0.0,1.00,1.00,1.00,3.50,4.62,4.50,7.0,1.109,0.239,5.12
22000,321,5,13.4,0.0,0.0,2.6,9.8,0.0,1.00,13.2,3,882,37.97,3.70,1,4,0,0.0,1.00,1.00,1.00,4.40,4.60,7.40,27.1,1.215,0.353,8.40
23000,7,1957,43.3,7.6,7.4,3.1,15.6,0.9,3.22,3.8,1430,1049,56.50,36.98,615,644,698,1.0,3.70,1.91,3.78,4.96,6.05,6.23,33.0,1.114,0.617,7.05
23000,214,663,33.4,3.9,0.0,0.2,24.3,0.0,2.20,3.4,391,1146,73.51,34.14,123,306,234,0.0,2.61,1.64,2.33,4.61,5.50,5.51,34.7,1.037,0.588,6.32
23000,291,529,19.6,0.6,4.6,0.5,8.9,0.0,1.18,7.2,368,847,37.13,20.75,83,266,180,0.0,1.15,1.17,1.20,3.26,4.81,4.02,35.3,1.281,0.505,6.09
23000,245,209,23.8,0.1,4.4,4.8,16.1,0.0,1.02,4.0,160,808,45.02,23.36,187,22,0,0.0,1.03,1.03,1.02,4.34,5.28,5.35,21.1,1.048,0.519,6.31
23000,157,123,20.7,2.0,0.0,0.0,20.3,0.0,1.55,10.8,75,961,56.00,20.53,19,64,40,0.0,1.58,1.59,1.52,3.98,5.54,4.72,33.2,0.872,0.598,7.82
23000,277,118,12.2,0.2,0.3,0.2,10.3,0.0,1.05,15.8,42,571,23.45,8.91,99,19,0,0.0,1.08,1.05,1.04,2.86,5.00,3.33,19.7,1.125,0.512,7.93
23000,290,81,61.7,0.5,7.1,3.1,36.3,0.0,1.15,1.2,57,1224,157.01,98.85,15,28,38,0.1,1.19,1.05,1.23,6.25,7.01,7.17,35.8,1.322,0.447,7.40
23000,326,53,10.6,0.0,0.5,0.0,12.7,0.0,1.00,12.1,37,490,22.88,7.00,51,2,0,0.0,1.00,1.00,1.00,3.64,5.64,4.58,20.9,0.793,0.579,8.04
23000,293,51,41.4,6.5,3.5,0.5,16.3,0.0,2.94,1.3,38,1136,57.47,18.15,48,3,0,0.0,3.66,1.43,3.35,3.86,5.22,5.37,16.6,1.318,0.447,5.61
23000,10,38,18.4,2.7,0.0,0.4,12.7,0.0,1.96,6.6,29,940,42.69,12.97,38,0,0,0.0,1.43,2.27,2.09,3.21,4.34,5.00,20.9,1.002,0.524,6.18
23000,292,33,7.5,0.0,0.5,0.0,5.2,0.0,1.00,20.4,17,942,24.09,3.02,33,0,0,0.0,1.00,1.00,1.00,2.00,2.30,3.82,20.0,1.308,0.455,8.15
23000,304,28,23.7,1.5,1.1,0.5,14.6,0.0,1.46,4.7,12,1018,37.11,6.98,28,0,0,0.0,1.00,1.70,1.62,3.82,5.25,5.18,18.3,1.268,0.395,6.39
23000,289,26,37.5,2.2,8.3,1.1,15.5,0.1,1.48,3.5,25,1518,100.42,64.49,12,12,2,0.4,1.25,1.53,1.60,5.15,5.73,5.73,26.4,1.290,0.560,6.50
23000,61,22,24.8,0.5,6.5,0.2,13.1,0.0,1.29,9.4,17,942,36.07,20.28,22,0,0,0.0,1.51,1.51,1.22,4.36,4.91,7.14,17.3,1.205,0.725,8.23
23000,310,20,23.8,2.7,0.3,0.0,13.1,0.0,2.19,6.0,12,982,38.70,9.10,20,0,0,0.0,3.42,1.22,2.13,3.60,5.55,3.75,18.8,1.264,0.583,6.15
23000,324,16,37.5,11.4,0.2,0.0,14.6,0.2,4.40,1.6,13,1016,68.81,22.70,0,16,0,0.2,4.80,4.54,4.20,4.25,5.62,5.56,31.7,1.001,0.632,5.94
23000,42,9,22.1,0.7,0.0,14.9,12.0,0.0,1.16,6.4,6,1049,33.03,8.64,9,0,0,0.0,1.27,1.27,1.10,4.78,7.89,4.67,20.1,1.067,0.559,7.89
23000,263,7,25.0,0.0,0.0,0.0,34.7,0.0,1.00,12.6,7,1385,59.06,23.05,0,7,0,0.0,1.00,1.00,1.00,5.86,6.71,7.86,29.2,0.723,0.542,9.86
23000,65,6,6.1,0.0,0.0,3.0,5.0,0.0,1.00,15.7,4,873,25.88,14.98,0,6,0,0.0,1.00,1.00,1.00,2.00,2.83,3.33,32.7,0.933,0.693,7.00
23000,316,5,28.5,0.0,9.2,0.0,15.6,0.0,1.00,4.4,5,1143,65.19,34.36,5,0,0,0.0,1.00,1.00,1.00,5.20,6.60,6.40,19.1,1.155,0.655,7.00
23000,307,5,6.2,0.0,0.0,0.0,8.6,0.0,1.00,18.0,4,531,17.60,6.23,5,0,0,0.0,1.00,1.00,1.00,2.40,2.40,6.80,14.3,0.722,0.428,9.00
24000,7,2147,42.0,8.3,7.5,2.6,13.4,1.1,3.42,4.5,1597,907,50.12,35.52,588,719,840,1.1,4.01,1.86,4.05,4.85,5.86,6.03,33.8,1.111,0.623,7.03
24000,214,691,29.3,3.4,0.0,0.2,21.4,0.0,2.01,4.2,436,1047,62.85,29.66,145,265,281,0.0,2.36,1.56,2.09,4.32,5.31,5.26,35.4,1.038,0.574,6.28
24000,291,524,17.2,0.2,3.7,0.7,8.9,0.0,1.06,7.3,356,736,32.18,17.45,96,215,213,0.0,1.07,1.06,1.06,3.19,4.99,3.92,35.3,1.285,0.474,6.16
24000,245,233,23.9,0.1,4.8,3.9,15.8,0.0,1.02,3.9,176,933,50.49,26.75,201,32,0,0.0,1.03,1.02,1.01,4.18,5.08,5.33,20.6,1.068,0.522,6.15
24000,277,69,15.2,0.3,0.1,0.0,13.3,0.0,1.08,12.6,48,759,36.16,13.23,52,17,0,0.0,1.12,1.09,1.05,3.04,5.70,3.57,20.3,1.121,0.486,7.59
24000,157,68,19.4,2.5,0.0,0.0,17.8,0.0,1.69,10.0,62,1036,59.77,23.31,12,26,30,0.0,1.77,1.68,1.66,4.06,5.35,4.90,33.6,0.866,0.614,7.46
24000,290,65,48.1,1.9,3.4,2.5,26.0,0.1,1.53,5.5,54,1050,132.25,69.43,5,27,33,0.1,1.74,1.02,1.69,4.75,5.75,5.91,37.2,1.402,0.460,7.17
24000,293,62,39.4,3.9,2.5,0.4,20.8,0.0,2.09,1.9,46,802,38.78,12.35,60,2,0,0.0,2.50,1.26,2.31,3.92,5.31,5.27,12.3,1.318,0.452,5.76
24000,326,47,10.6,0.0,0.1,0.0,13.0,0.0,1.00,14.8,36,581,29.59,10.13,40,7,0,0.0,1.00,1.00,1.00,3.21,5.02,4.32,22.7,0.792,0.563,8.32
24000,292,45,10.8,0.2,1.4,0.0,6.9,0.0,1.05,16.4,30,872,25.27,7.55,44,1,0,0.0,1.00,1.06,1.06,2.76,3.38,4.33,21.1,1.284,0.440,7.82
24000,10,32,22.8,3.3,0.0,0.4,16.4,0.0,2.23,3.8,29,1199,53.95,24.69,32,0,0,0.0,1.90,2.53,2.30,4.12,5.09,5.66,19.7,0.982,0.515,6.22
24000,304,31,28.0,3.5,0.0,0.0,16.4,0.0,2.11,1.7,11,635,25.84,7.00,30,1,0,0.0,1.00,2.43,2.49,4.10,5.71,5.77,16.6,1.203,0.384,6.13
24000,310,26,19.6,1.5,0.7,0.0,12.2,0.0,1.62,6.7,21,657,30.64,15.16,26,0,0,0.0,2.12,1.17,1.60,3.12,5.00,3.92,18.2,1.232,0.608,6.12
24000,61,25,23.0,2.3,2.1,0.8,11.7,0.0,1.48,9.2,13,966,39.24,15.13,25,0,0,0.0,1.11,1.73,1.53,4.28,5.68,6.72,18.1,1.224,0.690,8.20
24000,289,19,39.1,2.2,11.5,1.2,14.3,0.1,1.29,2.2,16,1258,92.16,47.18,12,6,1,0.5,1.10,1.39,1.35,5.11,5.63,5.84,24.5,1.262,0.568,6.26
24000,324,12,34.4,9.1,0.3,0.0,17.2,0.1,2.93,2.3,11,823,42.33,8.94,0,12,0,0.2,2.85,3.17,2.90,3.58,5.83,5.33,30.3,0.973,0.654,6.08
24000,331,6,37.3,9.3,0.0,0.0,29.5,0.0,3.58,5.0,6,2535,81.34,12.97,0,0,6,0.0,3.50,4.35,3.16,5.50,6.67,6.67,43.0,0.787,0.387,7.83
24000,42,6,22.4,0.7,0.0,14.3,12.7,0.0,1.17,6.7,5,1685,64.66,22.37,6,0,0,0.0,1.27,1.27,1.10,4.83,8.00,4.67,20.7,1.057,0.568,8.00
24000,316,5,33.5,0.0,10.8,0.0,18.4,0.0,1.00,1.6,5,1054,139.62,95.15,5,0,0,0.0,1.00,1.00,1.00,4.60,6.80,6.40,16.1,1.148,0.646,7.00
24000,333,5,15.2,0.0,0.0,0.0,14.4,0.0,1.00,16.4,5,932,39.96,8.42,5,0,0,0.0,1.00,1.00,1.00,4.00,6.20,2.80,12.4,1.054,0.534,8.60
25000,7,2107,44.1,9.5,7.6,2.4,13.4,1.3,3.83,3.9,1657,1091,54.20,35.30,584,726,797,1.3,4.48,2.00,4.62,4.94,5.93,6.21,33.7,1.099,0.625,7.02
25000,291,607,16.1,0.1,4.3,0.7,7.2,0.0,1.03,8.2,394,714,27.62,15.35,120,275,212,0.0,1.02,1.03,1.03,3.14,5.01,3.96,33.4,1.318,0.495,6.29
25000,214,606,33.2,4.2,0.1,0.2,23.0,0.0,2.23,3.8,383,969,59.59,26.20,88,265,253,0.0,2.64,1.76,2.32,4.49,5.43,5.56,36.2,1.053,0.567,6.42
25000,245,270,23.2,0.1,5.0,3.1,14.9,0.0,1.02,4.6,202,952,49.31,29.42,236,34,0,0.0,1.03,1.02,1.02,3.95,4.94,5.04,20.6,1.093,0.529,6.12
25000,290,86,42.2,1.8,2.4,2.4,23.5,0.1,1.44,6.2,68,940,149.95,59.95,3,26,57,0.1,1.63,1.05,1.55,4.22,5.79,5.52,40.8,1.382,0.469,7.07
25000,157,83,14.6,0.6,0.0,0.0,15.7,0.0,1.28,13.7,68,722,42.78,18.50,18,48,17,0.0,1.29,1.21,1.35,3.02,4.43,4.25,31.6,0.866,0.650,7.77
25000,339,80,21.0,0.1,7.2,0.0,9.6,0.0,1.02,6.2,53,667,27.62,12.76,62,18,0,0.0,1.01,1.03,1.02,3.80,4.81,5.79,15.9,1.226,0.529,6.84
25000,277,75,14.0,0.3,0.1,1.5,11.1,0.0,1.07,14.0,57,772,40.72,16.43,46,29,0,0.0,1.11,1.08,1.05,2.91,5.73,3.12,20.3,1.120,0.482,7.79
25000,292,57,12.6,0.2,0.0,0.2,9.4,0.0,1.10,15.6,30,508,22.09,6.17,38,18,1,0.0,1.10,1.10,1.10,2.68,3.14,4.26,23.3,1.281,0.434,7.60
25000,326,54,21.2,1.4,0.8,0.0,21.7,0.0,1.36,5.7,35,833,42.20,12.55,51,3,0,0.1,1.20,1.39,1.44,5.24,6.81,6.19,21.2,0.828,0.580,7.80
25000,344,52,37.7,0.9,3.2,0.8,22.4,0.0,1.21,2.7,39,841,53.65,26.66,16,33,3,0.0,1.17,1.27,1.20,3.79,5.23,5.40,28.9,1.365,0.491,6.00
25000,293,46,36.0,3.1,3.2,0.6,19.0,0.1,1.84,1.9,38,1050,63.69,25.39,46,0,0,0.1,2.12,1.23,2.00,3.87,5.17,5.20,12.7,1.305,0.450,5.65
25000,347,29,13.3,2.7,0.1,0.0,9.0,0.0,1.90,13.7,9,162,17.75,8.66,29,0,0,0.0,2.22,1.45,1.97,2.52,3.55,3.41,19.4,0.910,0.499,6.90
25000,61,27,23.6,2.9,1.7,0.9,11.1,0.0,1.62,8.6,11,1419,52.21,12.28,27,0,0,0.0,1.15,2.02,1.66,4.22,6.00,6.67,19.0,1.228,0.686,8.22
25000,324,26,33.2,9.7,0.8,0.1,16.4,0.3,2.90,1.8,21,776,69.53,29.38,0,24,2,0.3,2.98,3.56,2.60,3.85,5.85,5.31,33.0,0.915,0.655,6.04
25000,343,26,11.8,0.0,0.0,0.0,9.3,0.0,1.00,13.9,10,494,18.84,13.26,22,4,0,0.0,1.00,1.00,1.00,2.23,4.81,2.38,22.8,1.267,0.403,7.08
25000,289,25,43.8,1.1,12.8,0.3,18.6,0.2,1.13,0.7,18,868,53.13,21.64,9,14,2,0.4,1.09,1.15,1.14,5.64,6.24,6.04,27.1,1.295,0.558,6.32
25000,304,17,25.7,4.9,0.0,0.0,12.1,0.0,2.74,2.2,10,1258,49.16,13.04,16,1,0,0.0,1.60,3.13,3.10,3.82,5.59,5.76,17.6,1.189,0.391,6.00
25000,310,17,29.9,4.6,0.6,0.0,13.7,0.0,2.24,4.8,14,799,37.05,19.46,17,0,0,0.0,2.13,2.21,2.32,4.00,5.35,4.71,18.9,1.260,0.577,6.24
25000,10,15,19.5,5.5,0.0,0.0,8.6,0.0,3.09,5.9,12,1896,55.24,17.88,15,0,0,0.0,2.07,3.72,3.37,3.80,4.13,5.27,19.6,0.983,0.530,6.00
25000,316,15,30.8,0.0,8.2,0.0,16.9,0.0,1.00,2.7,12,518,40.67,24.67,15,0,0,0.0,1.00,1.00,1.00,5.20,5.53,6.47,18.8,1.249,0.560,6.53
25000,340,12,9.3,0.0,0.0,0.0,7.7,0.0,1.00,10.5,10,635,24.69,7.76,7,5,0,0.0,1.00,1.00,1.00,2.58,4.83,2.42,25.0,1.189,0.405,6.25
26000,7,2158,44.8,10.1,8.1,2.2,12.5,1.4,4.01,3.9,1680,1090,50.88,32.30,607,657,894,1.5,4.70,1.98,4.87,4.93,5.89,6.22,34.2,1.106,0.623,6.99
26000,214,605,32.5,3.8,0.1,0.3,22.5,0.0,2.15,4.0,372,1047,64.21,27.83,88,260,257,0.0,2.54,1.72,2.20,4.45,5.45,5.44,36.1,1.079,0.563,6.43
26000,291,325,19.9,0.1,4.2,1.4,9.5,0.0,1.02,6.6,241,905,37.25,16.02,27,163,135,0.0,1.03,1.03,1.02,3.44,5.15,4.14,36.7,1.335,0.495,6.12
26000,245,279,22.6,0.0,4.9,3.2,13.7,0.0,1.00,3.4,229,895,45.79,27.86,225,54,0,0.0,1.00,1.00,1.00,3.94,5.03,4.95,21.3,1.140,0.539,5.80
26000,339,103,21.7,0.4,6.0,0.0,10.8,0.0,1.15,6.5,69,698,35.03,16.28,83,20,0,0.0,1.17,1.13,1.16,3.81,4.72,5.74,16.7,1.255,0.536,6.83
26000,277,84,16.1,0.2,0.7,0.0,13.2,0.0,1.07,14.1,58,603,23.84,8.31,42,42,0,0.0,1.08,1.10,1.05,2.93,5.98,3.35,24.8,1.144,0.487,8.04
26000,344,78,31.2,0.5,0.7,2.1,21.6,0.0,1.21,3.6,54,771,60.72,37.63,44,29,5,0.0,1.21,1.21,1.21,3.83,4.91,5.19,23.0,1.292,0.535,5.95
26000,324,59,20.5,6.2,0.3,0.0,10.5,0.1,2.71,3.6,34,719,49.64,23.18,0,37,22,0.1,2.70,3.48,2.40,3.20,5.07,4.20,36.0,0.878,0.597,5.54
26000,326,54,16.1,0.2,0.9,0.0,17.6,0.0,1.01,9.7,48,888,49.85,18.12,53,1,0,0.0,1.00,1.04,1.00,4.30,6.17,5.46,20.8,0.840,0.547,8.06
26000,293,53,32.1,2.8,2.3,0.4,17.8,0.3,1.82,2.8,42,1201,71.60,42.46,53,0,0,0.3,2.09,1.34,1.92,3.91,4.91,5.13,9.5,1.289,0.473,5.72
26000,157,52,14.8,0.5,0.0,0.0,16.7,0.0,1.16,14.3,38,1045,52.33,18.07,12,30,10,0.0,1.24,1.08,1.15,3.46,4.67,4.21,30.7,0.836,0.659,8.02
26000,61,50,13.8,1.7,0.3,0.5,7.4,0.0,1.38,17.3,19,706,32.13,8.62,50,0,0,0.0,1.13,1.63,1.40,3.00,4.54,4.44,19.3,1.191,0.695,8.64
26000,292,33,15.9,0.0,0.0,0.1,12.5,0.0,1.00,12.2,25,1063,35.79,12.80,31,2,0,0.0,1.00,1.00,1.00,3.12,4.00,4.85,20.1,1.277,0.446,7.42
26000,290,26,36.4,3.3,0.5,0.7,18.2,0.1,2.21,8.2,25,1593,294.54,143.63,0,2,24,0.1,2.35,1.26,2.91,3.65,4.58,5.15,47.3,1.378,0.451,6.77
26000,351,22,45.7,9.6,0.0,0.0,34.2,0.0,2.50,4.7,17,1206,86.19,24.46,3,12,7,0.0,3.43,1.25,2.69,6.14,6.95,7.82,32.0,0.842,0.724,8.45
26000,289,20,46.0,4.3,12.4,0.3,13.8,0.3,1.53,2.2,19,1327,72.60,29.54,6,14,0,0.9,1.12,1.51,1.75,5.50,6.25,6.05,27.9,1.303,0.551,6.55
26000,349,20,17.3,3.8,0.0,0.0,10.3,0.0,2.57,9.8,18,1307,54.61,13.18,9,11,0,0.0,2.34,3.25,2.40,3.45,5.45,4.75,25.6,0.966,0.649,7.50
26000,310,15,32.8,0.0,0.5,0.1,23.0,0.0,1.00,4.9,12,434,25.36,10.43,13,2,0,0.0,1.00,1.00,1.00,4.40,6.53,5.00,22.2,1.399,0.559,6.87
26000,347,13,18.2,5.3,0.0,0.0,9.1,0.0,2.82,11.4,6,1226,64.61,31.26,13,0,0,0.0,3.27,2.22,2.89,2.92,3.92,4.08,18.3,0.909,0.490,6.85
26000,304,11,29.0,5.1,0.0,0.0,14.5,0.0,2.62,0.0,6,1620,29.70,6.56,10,1,0,0.0,1.36,3.11,3.01,4.09,6.00,6.00,18.7,1.184,0.392,6.00
26000,350,11,10.4,0.0,0.0,7.0,6.2,0.0,1.00,0.9,6,967,37.68,10.32,0,0,11,0.0,1.00,1.00,1.00,3.45,5.09,4.64,53.0,1.085,0.486,5.09
26000,340,8,8.5,0.0,0.0,0.0,7.9,0.0,1.00,4.5,4,426,11.18,2.27,8,0,0,0.0,1.00,1.00,1.00,3.62,4.25,5.12,18.2,1.085,0.428,5.12
27000,7,1708,47.3,11.8,8.1,2.7,12.4,1.6,4.52,3.0,1339,1151,52.44,34.53,506,567,635,1.7,5.32,2.15,5.51,5.13,6.12,6.44,33.5,1.045,0.634,7.00
27000,214,595,30.3,3.1,0.1,0.1,21.8,0.0,1.92,4.2,358,1049,65.25,27.35,91,243,261,0.0,2.25,1.57,1.95,4.36,5.33,5.37,36.2,1.081,0.572,6.38
27000,291,344,21.2,0.2,4.6,1.6,9.9,0.0,1.04,6.8,264,829,32.09,15.85,35,140,169,0.0,1.01,1.06,1.04,3.42,5.04,4.30,37.9,1.332,0.493,6.21
27000,245,287,20.3,0.0,4.9,2.2,11.9,0.0,1.00,4.7,228,731,40.55,22.97,188,97,2,0.0,1.00,1.00,1.00,3.62,4.78,4.62,24.0,1.151,0.556,5.83
27000,339,93,21.4,0.5,4.1,0.0,12.0,0.0,1.15,7.5,72,1085,42.73,16.72,87,6,0,0.0,1.17,1.07,1.20,3.60,4.78,5.65,13.8,1.267,0.530,7.04
27000,61,82,10.2,0.9,0.1,0.2,6.5,0.0,1.28,20.0,27,372,17.13,4.90,82,0,0,0.0,1.14,1.60,1.26,2.29,3.88,3.22,17.8,1.192,0.718,8.52
27000,277,65,16.5,0.0,0.9,0.0,14.3,0.0,1.00,13.5,46,849,38.29,12.16,5,59,1,0.0,1.00,1.00,1.00,3.00,6.40,3.12,30.6,1.084,0.475,8.03
27000,157,64,19.5,1.0,0.0,0.0,20.5,0.0,1.29,13.2,42,763,35.48,8.77,4,52,8,0.0,1.38,1.23,1.27,3.69,5.03,4.81,31.9,0.879,0.676,8.22
27000,293,63,31.2,2.2,3.9,0.6,15.5,0.1,1.69,2.2,51,1095,60.41,40.75,63,0,0,0.1,1.90,1.28,1.80,3.79,4.81,5.02,10.9,1.345,0.431,5.44
27000,344,58,34.0,0.7,0.4,4.0,22.8,0.0,1.15,2.2,43,1231,85.45,52.11,27,27,4,0.0,1.14,1.16,1.15,3.95,5.41,5.45,24.9,1.273,0.522,5.97
27000,326,53,13.2,0.2,0.8,0.0,14.8,0.0,1.06,13.5,44,546,32.88,11.25,52,1,0,0.0,1.04,1.10,1.04,3.58,5.57,4.34,21.0,0.810,0.530,8.09
27000,292,49,13.6,0.0,0.6,0.0,10.1,0.0,1.00,14.5,41,701,27.41,6.88,39,5,5,0.0,1.00,1.00,1.00,3.02,3.94,4.63,21.2,1.260,0.464,7.57
27000,324,27,20.0,7.6,1.0,0.0,8.7,0.0,3.31,3.7,23,1151,47.98,18.20,0,10,17,0.3,2.98,4.79,2.84,3.48,5.26,4.22,39.8,0.827,0.601,5.67
27000,351,26,29.1,8.3,0.0,0.0,18.1,0.0,2.93,10.0,23,1146,68.99,17.80,16,9,1,0.0,3.44,2.33,2.99,4.04,5.04,6.77,24.9,0.846,0.712,8.35
27000,304,24,19.0,2.9,0.0,0.0,10.5,0.0,2.05,6.2,9,785,27.34,11.09,20,4,0,0.0,1.26,2.41,2.28,3.42,4.79,5.08,18.5,1.166,0.386,6.12
27000,289,15,46.5,5.1,11.9,0.7,12.6,0.5,1.74,2.1,15,1572,85.45,28.41,4,11,0,1.5,1.28,1.86,1.93,5.93,5.80,6.13,27.8,1.322,0.560,6.47
27000,355,14,10.5,4.0,0.0,2.6,6.4,0.0,2.51,6.6,11,1251,38.25,7.08,14,0,0,0.0,2.65,3.18,2.16,3.29,5.07,4.00,16.5,0.661,0.467,6.14
27000,349,13,17.2,2.2,0.0,0.0,13.2,0.0,1.69,7.2,10,1449,54.03,20.12,7,6,0,0.0,1.35,2.12,1.67,4.08,5.92,4.77,24.8,0.968,0.655,7.15
27000,290,12,28.3,1.8,1.1,0.2,18.2,0.1,1.53,7.7,12,1480,131.04,102.17,0,0,12,0.1,1.72,1.07,1.67,3.58,4.92,4.42,48.7,1.249,0.493,6.58
27000,356,11,15.8,0.8,3.1,0.0,15.7,0.0,1.48,3.1,11,1281,40.06,16.44,7,4,0,0.0,1.40,1.31,1.70,4.27,5.82,5.82,25.3,0.769,0.516,6.36
27000,310,10,33.5,0.0,0.3,0.0,23.9,0.0,1.00,4.6,6,524,23.97,6.40,3,7,0,0.0,1.00,1.00,1.00,3.70,7.00,4.90,27.8,1.385,0.558,7.00
27000,347,8,27.6,10.4,0.0,0.0,8.5,0.0,4.99,8.0,5,1160,49.05,7.27,8,0,0,0.0,5.90,3.28,5.35,4.12,4.75,4.50,18.7,0.926,0.462,6.62
27000,360,8,12.3,0.0,0.0,0.0,14.5,0.0,1.00,12.2,6,854,27.06,23.08,0,0,8,0.0,1.00,1.00,1.00,3.75,5.50,3.38,45.6,0.873,0.602,7.50
28000,7,1665,45.9,12.0,8.1,2.5,10.9,1.7,4.66,3.6,1324,1155,51.79,35.31,528,577,560,1.7,5.46,2.23,5.74,5.04,5.94,6.39,32.6,1.043,0.633,7.04
28000,214,735,25.9,2.4,0.1,0.2,19.2,0.0,1.75,5.4,430,909,57.82,26.19,150,267,318,0.0,1.98,1.54,1.76,3.95,5.05,4.91,35.1,1.077,0.566,6.28
28000,245,289,21.1,0.0,4.8,1.6,12.7,0.0,1.00,3.7,214,830,38.18,23.65,224,65,0,0.0,1.00,1.00,1.00,3.64,4.72,4.60,22.9,1.176,0.579,5.56
28000,291,283,19.5,0.7,1.8,1.4,11.5,0.0,1.14,8.4,198,887,45.03,21.84,21,111,151,0.0,1.00,1.24,1.17,3.41,4.93,4.01,37.9,1.245,0.467,6.45
28000,339,119,19.0,0.7,3.9,0.0,9.2,0.0,1.28,10.2,82,757,29.35,11.63,116,2,1,0.0,1.31,1.13,1.34,3.04,4.03,5.02,12.9,1.298,0.576,7.05
28000,344,108,36.3,0.7,2.3,1.6,23.5,0.0,1.19,2.0,57,761,59.89,37.99,26,61,21,0.0,1.17,1.29,1.16,4.12,5.35,5.36,30.9,1.290,0.485,5.84
28000,277,65,17.3,0.0,0.2,0.0,15.5,0.0,1.00,13.4,42,977,41.40,11.61,4,60,1,0.0,1.00,1.00,1.00,3.26,7.38,3.00,31.9,1.096,0.477,8.43
28000,293,56,24.8,0.9,3.9,0.5,12.8,0.2,1.32,4.0,51,1315,63.50,39.56,56,0,0,0.2,1.42,1.16,1.35,3.32,4.48,4.52,9.2,1.347,0.444,5.48
28000,304,51,19.1,2.7,0.0,0.0,10.9,0.0,1.99,6.6,18,438,21.54,10.37,37,14,0,0.0,1.30,2.38,2.18,3.16,4.47,4.90,19.3,1.164,0.385,6.12
28000,292,50,12.6,0.1,0.1,0.0,9.6,0.0,1.03,16.2,34,504,19.02,8.77,36,3,11,0.0,1.03,1.00,1.04,2.86,3.02,4.56,25.7,1.270,0.521,7.68
28000,61,44,15.8,1.2,0.0,0.7,10.2,0.0,1.28,16.1,21,760,23.32,6.02,44,0,0,0.0,1.06,1.48,1.32,2.91,4.32,4.84,18.1,1.197,0.690,8.52
28000,157,39,15.2,2.8,0.0,0.0,13.3,0.0,2.12,15.4,34,908,31.91,9.36,3,32,4,0.0,2.30,2.08,2.07,3.21,3.90,4.62,31.5,0.797,0.670,8.08
28000,376,37,35.3,3.6,0.0,0.0,23.8,0.0,1.41,1.6,26,492,35.26,15.55,11,13,13,0.0,1.47,1.03,1.56,4.81,5.97,5.41,33.5,1.141,0.404,6.08
28000,324,37,11.1,3.0,0.3,0.0,7.7,0.0,1.92,5.2,23,544,22.10,10.60,0,13,24,0.1,1.86,2.48,1.70,2.59,4.68,3.27,39.6,0.826,0.543,5.24
28000,369,33,35.2,0.5,5.7,4.5,17.6,0.0,1.12,3.2,16,1029,49.08,14.36,29,4,0,0.0,1.00,1.22,1.13,4.85,6.12,6.45,22.2,1.325,0.389,7.03
28000,326,31,9.6,0.0,1.0,0.0,10.7,0.0,1.00,26.9,18,419,17.63,10.20,31,0,0,0.0,1.00,1.00,1.00,3.10,5.32,2.97,19.9,0.809,0.506,10.87
28000,351,27,29.0,7.3,0.0,0.0,19.3,0.0,2.65,10.4,19,1133,91.25,23.17,10,16,1,0.0,3.01,2.10,2.73,4.30,5.26,6.74,27.2,0.889,0.712,8.59
28000,370,26,15.4,0.0,2.7,0.3,11.7,0.0,1.00,16.9,19,829,36.30,9.87,0,19,7,0.0,1.00,1.00,1.00,3.69,4.96,3.88,36.2,1.094,0.556,8.62
28000,364,23,34.4,1.6,0.5,0.0,38.7,0.0,1.36,1.7,16,1577,110.80,56.11,6,15,2,0.1,1.13,1.58,1.36,5.35,7.13,6.57,28.8,0.809,0.518,7.26
28000,289,14,59.2,7.4,12.0,0.9,17.6,0.1,2.37,0.4,14,1255,80.80,28.00,6,7,1,1.1,1.42,3.09,2.48,6.07,6.50,6.64,26.2,1.321,0.555,6.64
28000,356,12,15.5,0.8,1.2,0.0,17.5,0.0,1.44,5.5,10,1572,60.98,20.68,5,7,0,0.0,1.37,1.28,1.64,3.83,5.42,5.00,25.5,0.764,0.508,6.25
28000,347,10,27.6,7.7,0.1,0.0,13.8,0.0,4.16,7.2,9,1121,48.68,10.19,10,0,0,0.0,4.73,3.25,4.35,3.70,5.10,4.90,19.5,0.935,0.476,6.80
28000,355,10,9.7,4.5,0.0,1.8,4.6,0.0,3.13,8.8,10,2053,46.36,8.37,10,0,0,0.0,3.39,3.57,2.79,3.00,4.30,4.30,16.9,0.656,0.466,6.30
28000,349,8,17.6,0.9,0.0,0.0,16.4,0.0,1.21,5.5,5,1038,40.46,17.26,6,2,0,0.0,1.19,1.44,1.14,5.12,6.50,5.00,21.6,0.969,0.615,7.12
28000,360,7,6.7,0.0,0.0,0.0,7.6,0.0,1.00,14.0,3,529,18.25,5.39,0,0,7,0.0,1.00,1.00,1.00,2.57,4.71,2.29,43.6,0.901,0.618,7.00
28000,290,5,20.5,0.0,0.0,0.0,18.8,0.0,1.00,5.2,5,909,50.27,49.35,0,0,5,0.0,1.00,1.00,1.00,3.60,4.00,5.40,51.5,1.108,0.469,6.00
28000,310,5,27.6,0.0,0.2,0.0,19.4,0.0,1.00,6.8,4,1755,86.56,13.59,2,3,0,0.0,1.00,1.00,1.00,4.20,7.00,4.60,27.1,1.408,0.546,7.00
28000,350,5,13.9,0.0,0.0,2.6,11.8,0.0,1.00,3.2,3,663,32.45,7.53,0,0,5,0.0,1.00,1.00,1.00,3.00,3.80,4.60,56.1,1.063,0.489,5.00
29000,7,1534,44.9,11.5,7.9,2.2,10.9,1.7,4.50,3.7,1209,1159,51.57,35.77,478,542,514,1.7,5.26,2.17,5.52,4.90,5.92,6.33,32.4,1.054,0.634,7.02
29000,214,705,22.4,2.0,0.1,0.1,16.6,0.0,1.65,7.2,415,868,51.88,25.29,136,274,295,0.0,1.88,1.53,1.63,3.55,4.65,4.51,35.8,1.092,0.553,6.35
29000,245,272,20.3,0.0,4.3,1.3,11.8,0.0,1.00,3.8,220,749,38.21,20.42,219,53,0,0.0,1.00,1.00,1.00,3.52,4.62,4.44,22.1,1.208,0.580,5.45
29000,291,253,14.9,0.1,1.4,2.2,9.5,0.0,1.03,8.4,162,836,40.45,14.01,10,76,167,0.0,1.01,1.05,1.03,3.16,5.17,3.57,42.7,1.231,0.441,6.35
29000,277,155,10.7,0.0,0.1,0.0,9.7,0.0,1.00,17.3,72,403,19.04,9.46,9,108,38,0.0,1.00,1.00,1.00,2.59,5.72,2.39,34.2,1.107,0.488,8.28
29000,292,150,12.5,0.0,0.4,0.1,9.7,0.0,1.01,13.9,57,348,14.31,4.85,103,33,14,0.0,1.01,1.00,1.01,2.95,2.81,5.25,22.8,1.215,0.564,7.40
29000,339,95,20.5,0.7,4.6,0.0,9.8,0.0,1.20,9.3,75,1024,36.82,10.97,91,1,3,0.1,1.23,1.12,1.23,3.31,4.43,5.21,12.2,1.303,0.568,7.08
29000,369,93,26.9,2.0,2.3,2.5,13.5,0.0,1.65,4.9,60,956,50.48,20.16,72,21,0,0.0,1.27,1.86,1.74,4.20,5.71,5.77,22.3,1.260,0.361,6.85
29000,344,82,29.9,0.9,0.2,3.7,20.6,0.0,1.26,2.7,57,961,62.83,36.54,38,35,9,0.0,1.27,1.32,1.23,4.00,5.26,5.07,25.6,1.220,0.527,5.82
29000,378,61,18.9,3.4,0.8,0.0,15.1,0.0,2.12,7.9,45,796,40.39,13.96,11,27,23,0.2,2.19,2.54,1.90,3.52,5.62,5.56,33.6,0.825,0.510,7.54
29000,61,53,20.3,1.5,0.6,0.6,12.7,0.0,1.45,13.9,28,473,22.07,5.77,53,0,0,0.1,1.26,1.53,1.56,3.74,4.66,5.74,17.6,1.214,0.662,8.58
29000,364,40,30.2,1.4,0.0,0.2,35.7,0.0,1.35,3.9,23,1161,99.90,62.37,18,18,4,0.0,1.26,1.46,1.35,5.70,6.15,6.30,26.4,0.789,0.510,7.20
29000,293,25,27.7,0.4,3.4,0.5,16.3,0.1,1.12,2.6,24,1254,66.79,28.83,25,0,0,0.1,1.15,1.00,1.16,3.60,4.72,4.92,8.3,1.365,0.425,5.48
29000,376,24,34.5,3.2,0.0,0.0,23.9,0.0,1.42,1.9,21,1002,59.18,26.82,8,8,8,0.0,1.58,1.17,1.48,4.58,5.96,5.54,32.7,1.145,0.404,6.21
29000,370,22,16.3,0.0,3.2,0.4,11.8,0.0,1.00,15.6,18,1621,52.67,13.60,0,17,5,0.0,1.00,1.00,1.00,3.73,5.14,4.14,35.8,1.096,0.574,8.50
29000,356,19,15.0,0.0,3.5,0.0,15.4,0.0,1.00,3.2,13,502,44.15,18.32,11,8,0,0.0,1.00,1.00,1.00,3.63,5.21,5.79,25.6,0.792,0.494,6.11
29000,289,17,56.0,7.5,10.7,2.2,15.8,0.1,2.25,1.5,16,1316,101.74,34.72,5,10,2,1.2,1.27,3.14,2.28,6.12,6.29,6.24,27.5,1.309,0.544,6.65
29000,351,17,23.8,5.6,0.0,0.0,17.9,0.0,2.43,11.4,15,1146,70.16,36.88,8,9,0,0.0,3.04,1.56,2.61,4.47,4.82,7.41,25.5,0.817,0.720,8.94
29000,324,15,14.4,5.7,0.2,0.0,7.0,0.0,3.24,5.1,13,1362,47.24,10.51,0,7,8,0.1,3.31,3.99,2.84,2.53,4.47,3.93,38.1,0.790,0.570,5.47
29000,157,14,21.0,6.4,0.0,0.0,13.4,0.0,3.82,15.1,14,1974,71.18,15.99,1,12,1,0.0,4.28,4.05,3.56,3.43,4.86,4.36,30.8,0.807,0.643,8.36
29000,353,14,40.1,3.9,0.0,0.1,26.9,0.0,2.02,0.0,8,811,45.93,28.13,3,10,1,0.0,1.10,2.66,2.17,4.07,5.71,5.71,31.1,1.158,0.543,5.71
29000,350,11,16.9,0.0,0.3,4.3,13.6,0.0,1.00,2.2,8,952,41.71,16.54,0,0,11,0.0,1.00,1.00,1.00,3.55,4.36,4.73,53.7,1.052,0.481,5.09
29000,326,8,6.3,0.0,0.0,0.0,7.8,0.0,1.00,32.0,7,1149,44.29,21.26,8,0,0,0.0,1.00,1.00,1.00,2.38,4.00,2.75,18.6,0.808,0.510,11.38
29000,380,7,11.1,0.0,0.0,0.0,8.7,0.0,1.00,13.4,6,1241,44.57,10.23,7,0,0,0.0,1.00,1.00,1.00,2.00,5.00,2.29,13.3,1.257,0.481,7.00
29000,347,5,22.6,4.0,0.4,0.0,14.8,0.0,2.50,8.4,5,1464,70.12,6.50,5,0,0,0.0,3.00,1.96,2.53,3.40,4.20,5.20,20.3,0.978,0.527,6.80
30000,7,1342,49.7,13.4,8.7,2.3,10.9,1.9,5.00,2.7,1060,1231,51.89,36.69,436,448,458,2.0,5.92,2.37,6.14,5.30,6.16,6.59,32.5,1.049,0.636,7.03
30000,214,626,22.6,2.0,0.1,0.1,17.0,0.0,1.67,6.8,383,860,51.23,26.42,82,274,270,0.0,1.86,1.54,1.68,3.64,4.70,4.81,36.5,1.085,0.550,6.41
30000,291,205,16.3,0.2,1.2,2.2,11.2,0.0,1.06,6.9,123,859,41.79,16.88,9,57,139,0.0,1.04,1.08,1.06,3.30,5.41,3.92,44.3,1.188,0.421,6.29
30000,245,148,16.8,0.0,2.6,0.9,11.6,0.0,1.00,4.9,101,657,32.01,15.09,126,17,5,0.0,1.00,1.00,1.00,3.43,4.37,4.36,21.5,1.144,0.566,5.57
30000,339,114,20.5,0.6,3.9,0.0,10.7,0.0,1.24,8.0,80,945,35.68,13.25,103,10,1,0.0,1.24,1.17,1.30,3.46,4.63,5.13,14.1,1.308,0.564,6.82
30000,292,114,14.7,0.0,0.6,0.3,11.2,0.0,1.01,12.3,72,566,23.37,8.93,75,21,18,0.0,1.01,1.00,1.02,3.26,3.34,5.55,24.2,1.213,0.548,7.34
30000,277,112,12.0,0.1,0.2,0.0,10.2,0.0,1.04,17.4,78,526,25.99,10.13,7,79,26,0.0,1.05,1.05,1.04,2.97,6.23,2.70,34.2,1.126,0.475,8.63
30000,369,99,25.6,2.4,1.3,3.4,12.2,0.0,1.67,6.2,66,1079,46.38,15.30,78,21,0,0.0,1.42,1.78,1.74,4.31,5.38,5.69,22.2,1.277,0.364,6.96
30000,388,93,16.0,2.5,1.0,0.0,7.7,0.0,1.66,10.9,28,809,26.76,5.63,42,38,13,0.1,1.74,1.58,1.66,3.05,5.10,3.44,26.3,1.158,0.544,6.98
30000,344,83,25.0,0.7,0.1,4.0,17.0,0.0,1.21,4.4,54,1196,68.22,38.30,32,44,7,0.0,1.27,1.22,1.17,3.71,4.71,4.66,25.9,1.242,0.513,5.78
30000,378,59,18.9,3.5,1.5,0.0,14.2,0.0,2.01,8.0,48,1141,55.31,19.14,16,22,21,0.3,2.22,2.42,1.73,3.71,5.76,5.63,32.5,0.832,0.518,7.58
30000,385,52,16.0,0.8,0.2,0.0,12.5,0.0,1.18,17.3,45,1314,40.22,11.60,27,13,12,0.0,1.28,1.18,1.16,3.12,5.48,4.27,27.2,1.124,0.520,8.96
30000,61,48,15.0,0.5,0.4,0.4,11.0,0.0,1.12,16.2,34,674,41.38,11.16,48,0,0,0.1,1.03,1.18,1.18,3.06,4.42,4.83,15.8,1.187,0.664,8.60
30000,376,36,31.9,4.0,0.0,0.0,20.8,0.0,1.65,1.9,29,916,55.22,28.67,15,17,4,0.0,1.38,1.51,1.86,4.28,5.86,5.25,27.6,1.109,0.426,6.00
30000,399,28,25.3,0.0,3.2,4.9,17.2,0.0,1.00,1.9,23,1070,43.48,19.10,20,8,0,0.0,1.00,1.00,1.00,4.14,5.39,5.14,20.6,1.105,0.464,5.71
30000,370,27,14.2,0.0,2.3,0.3,11.7,0.0,1.00,16.1,17,718,26.98,12.34,0,25,2,0.0,1.00,1.00,1.00,3.44,4.56,4.33,35.1,0.998,0.435,8.37
30000,364,27,29.1,1.9,0.0,0.0,33.1,0.0,1.49,3.7,19,739,63.71,50.20,18,9,0,0.0,1.56,1.33,1.53,5.11,6.22,6.30,22.7,0.794,0.504,7.19
30000,353,21,51.0,11.5,0.0,0.0,21.5,0.0,3.89,0.4,16,805,41.94,10.21,9,12,0,0.0,1.96,5.68,4.00,5.57,6.14,6.14,26.7,1.163,0.520,6.14
30000,289,21,66.3,7.1,14.0,1.1,20.4,0.1,2.05,0.5,19,1185,102.48,37.55,9,10,2,1.2,1.16,2.77,2.13,6.67,7.05,6.81,27.3,1.345,0.553,7.05
30000,293,19,27.6,0.0,2.9,0.5,17.8,0.0,1.00,2.2,17,1217,75.13,27.05,19,0,0,0.0,1.00,1.00,1.00,3.89,4.89,4.95,6.5,1.319,0.443,5.47
30000,356,16,10.2,0.0,2.2,0.0,10.7,0.0,1.00,8.2,15,814,58.28,30.77,9,7,0,0.0,1.00,1.00,1.00,2.94,4.00,4.19,25.6,0.793,0.484,6.12
30000,347,8,14.7,0.2,1.2,0.5,14.4,0.0,1.08,9.0,5,839,50.98,4.32,8,0,0,0.0,1.12,1.12,1.04,3.50,5.62,4.12,20.7,0.906,0.457,7.12
30000,326,8,9.7,0.0,0.0,0.0,12.2,0.0,1.00,29.2,4,806,36.30,4.41,8,0,0,0.0,1.00,1.00,1.00,3.88,6.12,3.00,19.5,0.791,0.517,11.88
30000,350,6,14.7,0.0,0.3,2.3,12.5,0.0,1.00,4.0,6,1159,66.54,23.30,0,0,6,0.0,1.00,1.00,1.00,3.17,4.17,4.17,55.3,1.051,0.478,5.17
31000,7,1252,49.2,13.2,9.4,2.2,10.1,2.0,4.91,2.8,999,1128,48.21,36.71,436,437,379,2.1,5.83,2.27,6.05,5.21,6.11,6.57,31.5,1.051,0.637,7.02
31000,214,451,23.4,1.9,0.2,0.1,17.7,0.0,1.65,7.1,266,822,52.18,23.89,72,186,193,0.0,1.82,1.55,1.62,3.73,4.56,4.88,35.3,1.069,0.550,6.45
31000,339,171,17.6,0.4,4.9,0.1,7.3,0.0,1.17,9.0,125,593,25.19,17.57,132,30,9,0.0,1.18,1.11,1.20,3.26,4.10,4.74,12.9,1.345,0.574,6.58
31000,245,151,16.4,0.0,2.9,1.3,10.9,0.0,1.00,5.9,106,905,45.14,21.55,135,16,0,0.0,1.00,1.00,1.00,3.25,4.26,4.30,20.9,1.115,0.554,5.71
31000,291,110,15.9,0.1,2.0,2.1,9.9,0.0,1.00,7.0,73,867,43.66,22.36,3,53,54,0.0,1.00,1.00,1.00,3.05,4.66,3.85,37.0,1.195,0.362,5.99
31000,378,107,17.7,2.7,1.4,0.1,14.3,0.0,1.62,9.2,77,751,38.75,16.73,26,34,47,0.2,1.72,1.76,1.52,3.50,5.79,5.48,33.9,0.825,0.494,7.71
31000,292,107,21.3,0.1,0.7,0.5,15.3,0.0,1.01,10.6,73,591,28.91,13.42,52,32,23,0.0,1.02,1.00,1.01,3.56,4.00,5.49,27.0,1.257,0.514,7.32
31000,369,91,22.0,1.7,1.0,2.7,11.4,0.0,1.55,8.0,60,1129,49.60,13.29,71,19,1,0.0,1.44,1.66,1.56,3.95,4.84,5.30,23.4,1.266,0.358,6.95
31000,388,90,16.3,2.6,1.1,0.0,7.7,0.0,1.80,10.8,34,861,31.11,9.28,48,28,14,0.1,1.84,1.72,1.81,3.16,4.97,3.53,25.0,1.165,0.542,6.93
31000,277,79,11.5,0.1,1.1,0.0,9.2,0.0,1.01,16.8,59,522,24.90,9.32,11,60,8,0.1,1.01,1.01,1.01,2.71,5.58,2.41,32.2,1.112,0.489,8.09
31000,385,77,21.1,0.8,1.8,0.0,15.6,0.0,1.24,13.4,59,775,29.68,12.52,39,13,25,0.1,1.26,1.22,1.25,3.81,6.27,4.26,28.8,1.117,0.528,8.49
31000,344,73,27.1,0.3,1.8,2.3,18.6,0.0,1.04,2.9,54,726,46.17,27.24,29,43,1,0.0,1.06,1.04,1.03,3.79,4.75,4.82,25.4,1.217,0.526,5.51
31000,376,44,33.2,5.3,0.2,0.0,18.5,0.0,2.18,2.0,32,810,48.16,25.50,11,25,8,0.1,1.88,2.42,2.23,4.14,5.77,5.30,30.6,1.116,0.402,6.00
31000,407,44,20.1,0.2,2.5,0.0,11.9,0.0,1.08,8.1,30,532,35.16,21.11,32,12,0,0.0,1.07,1.11,1.08,2.93,4.27,4.05,22.0,1.379,0.496,6.16
31000,364,25,33.0,4.1,0.0,0.0,33.6,0.0,1.97,2.7,19,1231,95.61,62.24,13,12,0,0.0,2.03,1.87,1.98,5.28,6.52,6.44,24.3,0.792,0.500,7.16
31000,399,22,20.9,0.0,1.7,1.5,17.4,0.0,1.00,3.3,17,843,44.84,8.43,13,9,0,0.0,1.00,1.00,1.00,3.91,5.18,4.91,22.5,1.057,0.486,5.86
31000,61,22,24.1,1.0,0.4,1.6,17.6,0.0,1.28,11.4,16,1051,81.98,20.75,21,1,0,0.0,1.06,1.33,1.41,4.14,5.36,7.50,19.8,1.168,0.563,8.95
31000,289,20,58.8,5.6,13.7,0.8,17.7,0.2,1.91,1.8,19,1444,130.84,43.84,8,10,2,0.8,1.43,2.29,1.97,6.40,6.35,6.85,27.8,1.366,0.547,7.05
31000,293,17,21.1,0.0,1.1,0.1,14.9,0.0,1.00,5.5,16,1971,112.24,44.40,17,0,0,0.0,1.00,1.00,1.00,3.24,4.00,4.35,8.0,1.303,0.459,5.53
31000,370,17,17.2,0.0,2.9,0.0,14.2,0.0,1.00,15.1,14,1102,51.13,24.39,0,17,0,0.0,1.00,1.00,1.00,3.12,4.76,4.29,35.3,1.021,0.443,8.29
31000,411,16,45.4,6.0,0.0,0.0,39.6,0.0,2.28,1.2,9,554,42.83,23.10,0,2,14,0.0,2.88,1.66,2.31,6.44,6.75,7.00,40.4,0.885,0.691,7.19
31000,356,16,10.0,0.0,2.4,0.0,9.8,0.0,1.00,10.1,16,1050,62.76,20.93,12,4,0,0.0,1.00,1.00,1.00,3.12,4.19,3.56,24.9,0.808,0.478,6.38
31000,353,13,52.2,13.7,0.0,0.0,17.9,0.0,4.19,0.9,12,1182,43.45,20.36,9,4,0,0.0,1.51,6.58,4.36,5.08,5.92,6.23,24.4,1.176,0.519,6.23
31000,347,12,14.9,0.0,1.9,0.0,14.1,0.0,1.00,8.8,5,554,38.14,29.04,12,0,0,0.0,1.00,1.00,1.00,3.50,6.08,3.67,20.3,0.942,0.446,7.08
31000,363,11,39.7,9.8,0.0,0.0,12.5,0.0,4.37,2.5,11,1925,98.65,23.13,7,4,0,0.0,5.12,1.92,5.30,4.18,5.45,5.36,25.1,1.229,0.371,6.00
31000,351,9,22.4,4.8,0.0,0.0,18.3,0.0,2.03,17.1,7,709,36.82,4.69,9,0,0,0.0,2.36,1.80,1.94,4.78,4.33,7.78,20.1,0.814,0.755,10.22
31000,419,8,20.2,0.0,7.6,4.4,3.1,0.0,1.00,4.5,8,1479,33.34,10.58,1,6,1,0.0,1.00,1.00,1.00,2.75,3.88,3.88,31.0,1.567,0.362,5.00
31000,350,6,13.9,0.0,1.2,4.0,10.3,0.0,1.00,5.0,6,1399,55.15,11.50,0,0,6,0.0,1.00,1.00,1.00,3.50,3.83,4.00,52.3,1.036,0.513,5.17
31000,349,6,8.0,0.0,0.0,0.0,7.2,0.0,1.00,12.7,5,454,8.47,4.24,1,5,0,0.0,1.00,1.00,1.00,2.67,5.00,2.83,26.2,1.120,0.652,7.00
32000,7,1042,51.0,13.8,9.8,2.2,10.3,2.1,5.12,2.4,851,1205,48.62,38.07,314,385,343,2.1,6.06,2.25,6.35,5.33,6.20,6.68,32.3,1.046,0.645,7.02
32000,214,361,26.1,2.5,0.2,0.3,18.9,0.0,1.77,6.0,218,917,58.57,30.42,88,113,160,0.0,1.93,1.63,1.77,3.98,4.87,4.98,34.9,1.070,0.540,6.38
32000,245,317,22.3,0.0,4.6,0.5,13.4,0.0,1.01,3.7,229,957,59.07,35.43,250,61,6,0.0,1.00,1.02,1.01,3.54,4.65,4.51,21.5,1.235,0.562,5.46
32000,339,159,22.0,0.9,7.5,0.0,6.8,0.0,1.35,6.2,106,898,31.39,16.65,124,32,3,0.0,1.38,1.26,1.40,3.60,4.43,5.38,13.1,1.365,0.584,6.42
32000,388,115,17.7,2.3,2.3,0.0,8.3,0.0,1.67,10.5,45,753,31.01,11.25,47,49,19,0.1,1.68,1.57,1.72,3.10,4.85,3.79,28.5,1.165,0.537,6.94
32000,420,104,29.7,0.1,3.8,0.2,17.1,0.0,1.05,6.1,81,770,41.43,20.48,15,34,55,0.0,1.00,1.07,1.06,3.88,4.97,5.91,37.0,1.376,0.505,6.92
32000,369,88,24.2,0.8,1.3,1.3,16.6,0.0,1.27,5.9,59,1056,52.98,20.55,68,20,0,0.0,1.22,1.28,1.28,4.15,5.38,5.57,20.6,1.218,0.395,6.88
32000,291,87,19.0,0.0,2.6,1.6,11.5,0.0,1.00,5.4,59,954,56.49,26.61,3,57,27,0.0,1.00,1.00,1.00,3.32,5.40,4.05,34.6,1.294,0.394,5.90
32000,292,78,24.1,0.1,1.1,0.6,17.1,0.0,1.02,9.2,53,738,38.12,21.12,23,23,32,0.0,1.04,1.03,1.02,3.90,4.96,5.04,32.5,1.265,0.498,7.24
32000,344,65,22.6,0.0,0.4,3.7,16.0,0.0,1.00,4.9,49,674,44.12,26.48,35,29,1,0.0,1.00,1.00,1.00,3.35,4.31,4.58,21.9,1.225,0.522,5.65
32000,399,62,15.4,0.0,1.8,1.2,12.0,0.0,1.00,5.2,49,670,43.62,23.86,53,7,2,0.0,1.00,1.00,1.00,3.39,5.15,4.13,20.7,1.062,0.493,5.77
32000,385,57,14.4,0.3,1.9,0.0,10.4,0.0,1.10,15.2,41,710,22.07,10.56,43,2,12,0.1,1.03,1.14,1.11,3.14,6.54,2.96,23.0,1.106,0.569,8.33
32000,378,56,21.6,3.5,1.6,0.0,16.5,0.0,1.69,7.9,49,1279,62.93,25.12,17,23,16,0.1,1.71,1.75,1.68,3.93,6.30,5.77,32.4,0.858,0.483,7.68
32000,396,53,30.3,0.0,13.0,0.0,5.5,0.0,1.00,3.2,45,820,25.01,37.72,27,23,3,0.0,1.00,1.00,1.00,4.02,4.83,5.11,25.0,1.635,0.465,5.68
32000,277,42,12.5,0.1,2.3,0.0,8.4,0.0,1.02,16.1,32,971,37.37,15.18,7,35,0,0.0,1.02,1.02,1.02,2.86,6.12,2.45,30.6,1.130,0.492,8.24
32000,407,35,23.0,0.6,2.5,0.0,13.2,0.1,1.17,7.0,28,1040,55.22,36.38,17,18,0,0.1,1.13,1.23,1.16,3.03,4.40,4.31,24.5,1.382,0.487,6.09
32000,370,35,24.8,0.5,6.9,0.0,16.7,0.1,1.15,10.1,25,1080,49.66,21.39,0,18,17,0.1,1.28,1.00,1.16,4.46,6.06,4.89,37.3,1.011,0.429,8.00
32000,427,33,44.9,0.0,10.9,0.5,25.9,0.0,1.00,1.5,29,614,53.33,24.30,33,0,0,0.0,1.00,1.00,1.00,5.70,6.30,6.27,15.9,1.233,0.667,6.67
32000,424,29,16.4,0.0,0.8,0.6,11.0,0.0,1.00,8.3,23,1111,39.11,11.75,4,24,1,0.0,1.00,1.00,1.00,3.69,4.69,4.48,29.0,1.351,0.635,6.24
32000,350,29,14.2,0.0,0.7,1.9,11.3,0.0,1.00,2.6,15,283,14.58,8.67,0,0,29,0.0,1.00,1.00,1.00,3.24,5.00,3.69,49.3,1.108,0.476,5.00
32000,364,26,35.2,5.9,0.0,0.0,33.7,0.0,2.13,3.0,20,1266,84.99,50.01,12,14,0,0.0,1.99,2.09,2.22,5.19,6.31,6.58,24.6,0.783,0.495,7.19
32000,411,26,45.3,8.0,0.0,0.5,37.3,0.0,2.94,1.9,19,647,45.57,16.64,1,6,19,0.0,3.71,1.77,3.14,6.27,6.81,6.85,38.9,0.849,0.727,7.31
32000,376,25,28.7,5.7,0.0,0.0,13.8,0.0,2.63,3.5,24,1682,72.36,35.90,10,13,2,0.0,2.34,2.82,2.68,3.52,5.60,4.84,28.3,1.110,0.397,6.00
32000,426,23,14.5,0.0,2.7,0.0,11.5,0.0,1.00,12.7,13,845,26.95,16.91,23,0,0,0.0,1.00,1.00,1.00,3.35,4.17,5.61,16.0,1.031,0.423,7.96
32000,425,21,36.6,0.0,0.5,0.5,37.3,0.0,1.00,0.6,8,364,29.30,20.94,18,3,0,0.0,1.00,1.00,1.00,5.67,6.33,6.14,22.2,0.954,0.481,6.38
32000,429,20,21.7,0.0,9.9,0.2,4.1,0.0,1.00,4.8,19,975,33.69,24.20,12,8,0,0.0,1.00,1.00,1.00,2.80,3.65,4.20,23.6,1.564,0.555,5.10
32000,289,16,60.0,4.6,14.5,0.5,19.1,0.2,1.66,1.9,15,1927,189.96,57.76,8,8,0,0.6,1.52,1.84,1.67,5.75,6.31,7.00,25.8,1.385,0.542,7.12
32000,61,15,28.3,0.9,0.0,0.9,22.1,0.0,1.19,8.8,7,1333,90.75,32.38,14,1,0,0.0,1.01,1.19,1.35,4.80,4.93,8.73,19.0,1.167,0.568,9.00
32000,431,12,8.3,0.7,0.0,0.0,6.2,0.0,1.43,16.7,9,1046,55.63,34.16,0,1,11,0.0,1.33,1.33,1.56,2.17,3.08,3.08,40.4,1.141,0.515,7.08
32000,293,12,27.7,0.2,3.4,0.0,16.4,0.0,1.05,1.2,11,820,68.99,75.94,12,0,0,0.2,1.03,1.12,1.03,3.83,5.00,4.58,10.6,1.361,0.414,5.08
32000,353,11,50.5,12.9,0.0,0.0,18.8,0.0,4.04,0.0,9,1918,58.21,31.39,4,7,0,0.0,1.59,6.10,4.23,4.82,6.09,6.09,25.8,1.151,0.519,6.09
32000,363,10,54.3,11.9,0.1,0.0,18.9,0.0,4.75,0.2,10,1639,110.43,33.00,7,3,0,0.0,5.91,1.65,5.75,5.20,6.00,6.10,23.4,1.264,0.376,6.10
32000,356,10,13.7,0.0,3.1,0.0,13.5,0.0,1.00,7.8,10,1861,109.02,33.27,9,1,0,0.0,1.00,1.00,1.00,3.60,5.00,4.10,24.3,0.822,0.482,6.50
32000,347,10,14.0,0.0,1.7,0.0,13.4,0.0,1.00,9.2,5,1183,58.08,39.87,10,0,0,0.0,1.00,1.00,1.00,3.70,5.70,3.70,19.4,0.925,0.452,7.00
32000,349,6,5.4,0.0,0.0,0.0,4.8,0.0,1.00,17.0,4,1017,34.36,5.28,2,4,0,0.0,1.00,1.00,1.00,2.33,4.50,2.00,25.7,1.135,0.656,7.00
33000,7,1044,45.8,11.1,7.4,2.2,13.0,1.6,4.32,2.6,796,1323,52.39,35.20,366,367,311,1.7,5.05,2.13,5.24,5.14,6.01,6.37,31.3,1.052,0.622,6.82
33000,245,270,22.5,0.1,5.3,0.4,12.2,0.0,1.01,3.1,201,863,52.71,35.15,217,50,3,0.1,1.00,1.03,1.01,3.51,4.65,4.64,22.0,1.242,0.574,5.37
33000,388,179,17.4,2.4,1.3,0.0,8.7,0.0,1.63,11.6,67,589,27.57,9.46,76,63,40,0.1,1.72,1.47,1.67,3.07,4.93,3.50,27.3,1.163,0.539,6.99
33000,339,153,23.2,0.9,7.3,0.0,7.8,0.0,1.31,5.3,110,1161,35.32,16.40,129,21,3,0.0,1.37,1.19,1.36,3.64,4.75,5.52,11.6,1.384,0.587,6.39
33000,369,117,26.1,0.1,0.7,1.6,19.4,0.0,1.02,6.1,85,1040,55.92,25.11,74,24,19,0.0,1.00,1.02,1.03,4.09,5.81,5.23,25.6,1.230,0.453,6.97
33000,407,79,19.2,0.0,3.3,0.0,10.8,0.0,1.00,10.3,45,625,30.79,19.32,67,10,2,0.0,1.00,1.01,1.00,2.86,4.06,4.00,19.0,1.304,0.512,6.52
33000,399,71,13.5,0.2,1.3,1.7,9.8,0.0,1.05,5.6,54,848,50.22,27.35,52,14,5,0.0,1.07,1.08,1.04,3.30,5.07,3.87,22.2,1.074,0.493,5.76
33000,420,65,35.4,0.0,5.0,0.0,19.4,0.0,1.06,6.3,43,782,50.45,23.05,7,26,32,0.0,1.06,1.07,1.06,3.97,5.18,5.51,36.5,1.429,0.522,6.91
33000,424,51,15.7,0.0,1.4,0.4,9.8,0.0,1.00,9.3,34,790,38.36,11.94,9,42,0,0.0,1.00,1.00,1.00,2.92,4.47,4.39,28.2,1.351,0.624,6.45
33000,291,49,19.0,0.0,3.2,2.2,10.6,0.0,1.00,5.3,38,1466,74.14,27.74,0,36,13,0.0,1.00,1.00,1.00,3.31,5.31,3.90,35.0,1.297,0.387,5.84
33000,385,47,17.2,0.3,0.6,0.0,15.1,0.0,1.06,14.7,32,706,26.43,10.79,33,1,13,0.0,1.08,1.06,1.04,3.43,6.00,3.74,25.5,1.105,0.550,8.43
33000,440,35,42.4,2.1,3.5,1.2,25.0,0.2,1.41,1.4,24,1198,122.07,64.87,15,20,0,0.4,1.58,1.31,1.38,5.03,5.74,5.71,25.9,1.264,0.422,6.09
33000,448,34,32.6,0.0,1.0,0.0,21.3,0.0,1.00,4.2,26,890,33.69,11.58,3,5,26,0.0,1.00,1.00,1.00,4.68,6.32,5.88,40.7,1.464,0.531,6.94
33000,396,34,34.8,0.0,16.4,0.0,4.8,0.0,1.00,2.4,30,1215,28.38,55.24,20,11,3,0.0,1.00,1.00,1.00,4.00,5.06,5.35,21.9,1.635,0.483,5.71
33000,344,34,26.7,0.1,0.4,5.4,18.3,0.0,1.01,3.4,30,1534,95.82,42.20,19,14,1,0.0,1.00,1.05,1.01,3.82,4.85,5.18,22.5,1.236,0.526,5.82
33000,356,34,10.4,0.0,1.1,0.0,11.9,0.0,1.00,6.9,25,332,21.90,12.68,34,0,0,0.0,1.00,1.00,1.00,3.18,4.65,4.41,21.3,0.799,0.427,6.12
33000,376,33,32.8,4.4,0.0,0.0,19.1,0.0,1.81,2.2,22,688,41.07,22.20,7,8,18,0.0,1.91,1.44,1.95,3.91,5.67,5.24,37.3,1.167,0.374,6.00
33000,425,28,33.1,3.4,0.0,0.4,27.2,0.0,2.09,3.0,22,650,79.13,62.92,28,0,0,0.0,2.19,2.14,2.02,4.50,6.04,5.36,17.9,0.977,0.503,6.43
33000,277,25,14.2,0.1,1.7,0.0,10.6,0.0,1.02,15.9,20,1726,66.91,17.60,8,17,0,0.0,1.02,1.03,1.02,3.04,6.56,2.64,28.5,1.127,0.494,8.48
33000,427,22,12.4,0.0,2.6,0.4,6.7,0.0,1.00,6.3,12,374,24.98,11.37,22,0,0,0.0,1.00,1.00,1.00,2.82,3.32,3.73,14.5,1.347,0.555,5.09
33000,293,22,35.8,0.5,1.2,0.0,24.0,0.1,1.18,1.7,15,305,28.53,20.48,22,0,0,0.1,1.23,1.00,1.25,4.23,5.50,4.91,10.3,1.364,0.420,5.64
33000,441,19,33.2,6.9,0.1,0.0,11.9,0.0,3.30,1.6,13,989,53.51,18.30,0,4,15,0.1,1.69,4.40,3.59,4.16,4.89,4.95,39.1,1.243,0.348,5.32
33000,411,17,45.4,8.3,0.0,0.0,34.7,0.0,2.98,3.2,12,1350,104.25,31.97,0,4,13,0.0,3.73,1.20,3.52,5.12,6.65,6.35,40.6,0.877,0.688,7.29
33000,61,17,30.7,3.6,0.8,0.8,18.4,0.2,1.92,10.2,8,999,57.45,19.93,17,0,0,0.2,1.90,2.17,1.86,4.71,5.00,8.29,19.6,1.168,0.565,8.94
33000,378,15,26.5,7.2,1.2,0.0,16.7,0.1,2.72,6.1,14,1335,27.73,13.14,0,4,11,0.1,3.00,2.64,2.60,4.87,6.13,7.07,39.4,0.790,0.483,7.93
33000,347,13,3.7,0.0,0.0,0.0,4.0,0.0,1.00,22.0,3,278,9.43,0.61,13,0,0,0.0,1.00,1.00,1.00,1.85,2.85,2.00,20.5,0.914,0.585,7.92
33000,353,12,54.2,14.5,0.0,0.0,18.2,0.0,4.29,0.0,7,1039,48.01,12.37,8,4,0,0.0,1.00,7.33,4.41,4.92,6.08,6.08,24.3,1.161,0.495,6.08
33000,350,10,15.1,0.1,0.9,3.4,11.1,0.0,1.00,1.6,9,1474,53.02,24.19,0,0,10,0.0,1.00,1.00,1.00,3.40,5.00,4.20,51.8,1.096,0.473,5.00
33000,429,9,24.6,0.0,10.2,0.0,5.6,0.0,1.00,2.4,8,1338,45.27,43.38,5,4,0,0.0,1.00,1.00,1.00,3.22,4.22,4.56,23.2,1.545,0.540,5.00
33000,431,8,18.8,1.2,0.0,0.0,14.9,0.0,1.81,9.2,6,660,42.96,22.36,0,0,8,0.0,1.61,1.89,1.89,3.00,4.88,4.38,41.8,1.105,0.548,6.88
33000,442,8,12.8,0.0,0.0,0.0,12.6,0.0,1.00,15.8,5,1484,67.74,18.94,1,7,0,0.0,1.00,1.00,1.00,2.62,4.25,3.75,26.8,1.019,0.749,7.88
33000,289,7,52.8,1.4,16.4,0.0,18.7,0.0,1.08,0.6,7,2117,281.26,123.17,4,3,0,0.3,1.00,1.27,1.02,5.71,7.00,7.00,24.1,1.393,0.521,7.14
33000,455,7,16.7,0.0,4.9,2.4,7.4,0.0,1.00,5.7,7,1922,168.87,50.28,7,0,0,0.0,1.00,1.00,1.00,3.14,3.86,3.86,23.7,1.212,0.631,5.29
33000,292,5,38.7,0.0,10.4,0.0,21.0,0.0,1.00,3.2,5,1640,98.20,64.34,5,0,0,0.0,1.00,1.00,1.00,5.60,6.20,6.20,22.5,1.231,0.631,7.00
33000,214,5,30.4,0.0,1.2,0.0,31.8,0.0,1.00,0.0,3,806,53.46,5.57,0,5,0,0.0,1.00,1.00,1.00,6.40,5.80,5.80,34.2,0.934,0.732,5.80
33000,363,5,51.7,5.6,0.0,0.0,28.0,0.0,2.42,0.0,5,742,104.70,15.91,5,0,0,0.0,3.40,1.27,2.50,5.60,6.00,6.00,22.2,1.323,0.384,6.00
33000,370,5,25.7,0.0,9.8,0.0,15.2,0.0,1.00,8.4,4,1164,66.62,41.26,0,1,4,0.0,1.00,1.00,1.00,4.80,7.20,4.60,38.4,1.025,0.465,8.00
34000,7,603,53.0,15.0,10.3,3.1,9.1,2.2,5.42,2.0,501,1424,39.40,32.18,248,211,144,2.3,6.51,2.24,6.72,5.45,6.33,6.80,29.6,1.036,0.641,7.05
34000,245,233,22.0,0.0,5.1,0.6,11.5,0.0,1.01,3.3,187,913,52.74,40.59,198,35,0,0.0,1.01,1.02,1.01,3.35,4.55,4.52,21.1,1.285,0.583,5.30
34000,388,165,20.1,2.1,2.6,0.0,10.3,0.0,1.54,9.7,82,878,35.22,12.60,88,28,49,0.1,1.66,1.40,1.54,3.42,5.10,3.91,26.6,1.172,0.535,6.90
34000,339,125,22.4,1.3,4.7,0.5,8.8,0.1,1.45,5.9,96,1168,37.18,14.52,116,8,1,0.1,1.54,1.21,1.55,3.59,4.49,5.34,10.1,1.379,0.565,6.33
34000,407,116,11.4,0.1,1.5,0.0,8.6,0.0,1.01,15.0,51,343,14.75,5.53,100,2,14,0.0,1.01,1.01,1.01,2.70,3.55,3.69,20.4,1.118,0.570,7.26
34000,369,80,28.8,0.2,1.6,1.4,22.2,0.0,1.05,2.3,45,696,46.25,23.26,61,16,3,0.0,1.00,1.05,1.07,4.81,6.46,6.10,20.0,1.153,0.426,6.80
34000,399,74,17.3,0.0,1.6,1.1,13.6,0.0,1.00,4.2,51,799,48.44,25.38,48,20,6,0.0,1.00,1.00,1.00,3.57,5.12,4.05,24.5,1.085,0.452,5.58
34000,277,39,6.7,0.0,0.6,0.0,5.8,0.0,1.00,19.0,22,594,24.97,6.86,30,9,0,0.0,1.00,1.00,1.00,2.18,5.56,1.62,21.5,1.025,0.471,8.26
34000,420,36,40.1,0.0,6.5,0.0,21.0,0.0,1.00,2.9,25,1557,82.38,39.72,6,16,14,0.0,1.00,1.01,1.00,4.56,5.64,6.28,34.2,1.451,0.522,6.67
34000,291,34,12.3,0.0,2.0,0.6,7.0,0.0,1.00,8.7,26,1080,37.12,14.88,4,25,5,0.0,1.00,1.00,1.00,3.09,4.91,3.06,32.6,1.327,0.390,6.06
34000,425,25,26.7,3.8,0.0,0.4,19.9,0.0,2.22,4.6,22,1362,91.97,58.96,24,1,0,0.0,2.33,2.28,2.14,3.76,5.24,5.20,17.3,0.970,0.499,6.36
34000,396,22,35.2,0.0,18.0,0.0,3.3,0.0,1.00,3.6,19,1158,30.04,58.57,20,1,1,0.0,1.00,1.00,1.00,3.86,4.73,5.41,15.0,1.646,0.479,5.95
34000,386,22,10.5,0.0,0.4,0.0,7.1,0.0,1.00,9.7,14,1161,40.53,13.04,15,7,0,0.0,1.00,1.00,1.00,2.41,5.09,2.23,19.8,1.419,0.529,6.09
34000,376,21,29.0,3.3,0.0,0.0,18.1,0.0,1.50,3.6,15,1219,40.42,19.64,7,4,10,0.0,1.60,1.11,1.66,3.67,5.52,4.76,35.8,1.148,0.376,6.00
34000,293,21,44.5,6.5,7.6,0.0,13.3,2.2,3.17,0.9,15,514,31.50,9.05,21,0,0,2.2,3.74,1.20,3.88,4.71,5.62,5.38,10.4,1.326,0.495,5.71
34000,385,15,13.3,0.0,1.3,0.0,10.3,0.0,1.00,18.7,11,757,16.58,9.49,15,0,0,0.0,1.00,1.00,1.00,3.07,4.93,4.20,11.6,1.134,0.623,9.20
34000,440,13,43.7,2.8,6.7,2.5,22.1,0.7,1.57,0.0,12,2111,247.65,124.01,1,12,0,0.8,2.06,1.00,1.60,5.46,6.00,6.00,29.0,1.241,0.308,6.00
34000,424,12,18.2,0.0,7.0,0.0,6.2,0.0,1.00,11.7,11,1179,33.29,12.37,0,12,0,0.0,1.00,1.00,1.00,3.42,4.75,5.25,29.6,1.409,0.576,7.58
34000,356,12,6.4,0.0,2.4,0.0,5.8,0.0,1.00,10.3,12,1052,37.85,23.82,12,0,0,0.0,1.00,1.00,1.00,2.50,4.33,3.67,20.6,0.796,0.455,6.33
34000,448,10,28.8,0.0,1.0,0.0,18.5,0.0,1.00,5.4,9,1691,33.57,12.71,0,2,8,0.0,1.00,1.00,1.00,4.30,5.90,5.50,41.5,1.477,0.528,6.80
34000,370,10,27.6,0.0,10.9,0.0,16.7,0.0,1.00,5.4,6,1099,37.92,17.43,0,2,8,0.0,1.00,1.00,1.00,4.90,7.70,5.00,38.8,0.994,0.466,7.70
34000,455,10,24.0,0.0,7.6,2.8,10.4,0.0,1.00,1.0,9,1020,70.81,46.34,8,2,0,0.0,1.00,1.00,1.00,3.70,4.90,5.00,24.6,1.226,0.631,5.20
34000,467,9,53.0,0.0,25.1,0.0,11.4,0.0,1.00,3.8,9,1761,22.15,14.99,0,4,5,0.0,1.00,1.00,1.00,6.33,6.78,6.44,38.4,1.434,0.679,7.56
34000,344,9,20.7,0.0,0.0,8.4,14.8,0.0,1.00,2.2,8,2278,106.09,60.03,7,2,0,0.0,1.00,1.00,1.00,3.78,4.67,4.89,15.9,1.121,0.542,5.33
34000,411,9,51.3,12.0,0.0,0.0,33.7,0.0,3.60,2.7,8,1663,53.30,20.13,0,4,5,0.0,4.90,1.15,4.17,5.56,7.44,6.44,37.7,0.881,0.684,7.44
34000,378,8,34.7,9.0,1.0,0.0,22.8,0.0,2.71,4.2,7,1460,20.71,7.55,0,1,7,0.4,1.96,3.82,2.52,5.12,7.12,7.75,40.6,0.790,0.463,8.12
34000,353,7,55.2,15.4,0.0,0.0,17.4,0.0,4.66,0.3,6,1632,83.17,18.65,5,2,0,0.0,1.45,7.70,4.75,5.00,6.14,6.00,23.5,1.157,0.483,6.14
34000,292,7,28.7,0.0,8.0,0.0,14.1,0.0,1.00,6.9,7,1172,61.54,26.35,7,0,0,0.0,1.00,1.00,1.00,5.29,5.29,5.43,21.0,1.355,0.597,7.00
34000,468,6,59.3,0.0,23.0,0.0,24.3,0.0,1.00,0.0,6,2337,164.26,32.87,0,0,6,0.0,1.00,1.00,1.00,5.00,7.00,7.00,44.3,1.252,0.581,7.00
34000,463,6,30.6,0.0,4.3,2.2,17.5,0.0,1.00,0.3,5,1194,68.90,34.09,0,4,2,0.0,1.00,1.00,1.00,4.50,6.17,6.00,35.6,1.332,0.436,6.17
34000,289,5,62.6,3.0,17.2,0.0,21.0,0.0,1.12,1.2,4,1678,140.59,94.45,2,3,0,0.4,1.00,1.37,1.03,5.20,7.00,6.80,25.0,1.418,0.547,7.20
34000,364,5,20.0,0.0,0.0,0.0,24.8,0.0,1.00,9.2,5,1234,100.01,47.81,5,0,0,0.0,1.00,1.00,1.00,2.80,4.80,5.00,15.4,0.806,0.505,7.20
34000,441,5,27.3,4.8,0.0,0.0,15.0,0.0,2.58,0.0,4,1828,95.71,37.30,0,1,4,0.0,1.40,3.23,2.85,5.00,5.40,5.40,40.0,1.131,0.373,5.40
34000,61,5,13.2,0.8,0.0,0.4,9.4,0.0,1.36,18.8,5,1587,57.56,22.83,3,2,0,0.0,1.28,1.33,1.46,3.60,4.20,6.80,23.2,1.176,0.563,9.00
35000,7,287,56.9,17.9,10.9,2.6,7.1,2.4,6.35,1.8,244,1533,42.67,33.91,196,76,15,2.5,7.53,2.70,7.88,5.49,6.38,6.98,22.6,1.031,0.646,7.11
35000,339,145,21.5,1.1,4.7,0.6,8.4,0.1,1.34,6.2,101,758,26.99,12.10,128,16,1,0.1,1.45,1.08,1.42,3.22,4.29,5.03,11.0,1.396,0.572,6.19
35000,407,97,22.4,0.3,5.6,0.0,11.6,0.0,1.05,10.5,53,435,31.09,16.66,84,3,10,0.1,1.00,1.11,1.05,3.09,4.36,4.60,21.7,1.216,0.497,7.04
35000,245,96,17.2,0.0,3.3,1.2,11.1,0.0,1.00,5.1,74,1185,53.07,37.17,81,15,0,0.0,1.00,1.00,1.00,3.16,4.21,4.30,22.8,1.135,0.558,5.52
35000,399,93,14.5,0.0,0.7,0.3,12.9,0.0,1.00,6.0,53,690,37.20,28.21,77,13,3,0.0,1.00,1.00,1.00,2.96,4.32,3.55,21.6,1.046,0.483,5.38
35000,388,90,18.9,2.2,1.3,0.0,10.5,0.0,1.60,10.4,39,1000,39.61,12.55,67,15,8,0.1,1.83,1.38,1.60,3.24,5.03,3.59,21.0,1.163,0.541,6.91
35000,369,72,21.6,0.0,4.4,0.0,15.7,0.0,1.00,4.7,55,562,44.57,30.41,62,7,3,0.0,1.00,1.00,1.00,4.04,5.43,4.97,20.4,1.058,0.434,6.31
35000,396,35,37.6,0.0,18.3,0.0,5.1,0.0,1.00,2.5,25,710,18.60,47.92,31,4,0,0.0,1.00,1.00,1.00,3.97,4.86,5.60,14.0,1.600,0.492,5.83
35000,277,35,7.6,0.1,0.8,0.2,6.7,0.0,1.01,18.4,26,520,23.71,8.11,33,2,0,0.0,1.00,1.03,1.01,2.26,5.51,1.71,18.3,1.000,0.479,8.20
35000,376,27,15.7,1.3,0.0,0.0,11.3,0.0,1.27,9.7,14,1098,34.17,10.77,19,1,7,0.0,1.28,1.07,1.38,3.11,4.41,3.07,25.1,1.090,0.380,6.11
35000,425,24,25.3,0.0,0.0,0.4,26.1,0.0,1.00,2.8,17,1488,71.65,52.44,23,1,0,0.0,1.00,1.00,1.00,3.96,5.38,5.50,16.6,0.961,0.493,6.12
35000,61,23,26.5,2.3,0.3,0.8,17.0,0.0,1.90,10.5,8,339,22.08,5.51,22,1,0,0.0,1.75,2.02,1.99,4.65,5.17,7.52,20.1,1.189,0.557,8.74
35000,480,21,12.7,0.0,0.1,0.0,9.4,0.0,1.00,17.0,15,933,56.23,38.85,18,3,0,0.0,1.00,1.00,1.00,2.57,2.19,5.24,21.0,1.329,0.597,7.90
35000,292,20,8.8,0.0,0.0,0.2,7.2,0.0,1.00,14.3,11,237,12.27,5.91,20,0,0,0.0,1.00,1.00,1.00,2.55,4.05,3.25,14.4,1.189,0.516,7.15
35000,344,19,28.0,0.0,0.0,0.0,25.0,0.0,1.00,0.0,1,286,33.51,19.07,17,2,0,0.0,1.00,1.00,1.00,4.00,5.00,5.00,18.6,1.118,0.464,5.00
35000,420,14,28.5,0.0,7.3,0.0,12.4,0.0,1.00,6.4,13,1398,56.71,11.13,7,4,3,0.0,1.00,1.00,1.00,3.79,4.86,5.21,28.3,1.459,0.538,6.64
35000,293,14,50.2,9.6,8.6,0.0,10.8,3.1,4.26,0.1,12,1270,64.40,9.22,14,0,0,3.1,5.07,1.21,5.38,5.07,5.79,5.71,10.5,1.305,0.518,5.79
35000,386,12,7.9,0.0,0.0,0.0,6.0,0.0,1.00,11.3,8,914,33.19,15.61,12,0,0,0.0,1.00,1.00,1.00,2.08,4.58,1.75,15.3,1.340,0.495,6.00
35000,475,11,26.5,0.0,0.0,0.0,22.7,0.0,1.00,0.5,3,641,61.13,78.15,11,0,0,0.0,1.00,1.00,1.00,3.82,4.82,4.91,16.1,1.166,0.358,5.00
35000,471,9,20.3,1.2,0.0,0.0,16.4,0.0,1.37,6.0,8,2358,183.69,97.75,6,2,1,0.0,1.54,1.30,1.32,2.89,4.33,4.44,23.4,1.049,0.504,5.89
35000,440,8,42.2,3.8,2.9,0.0,24.1,0.6,2.07,2.0,7,1069,58.10,93.14,2,6,0,0.6,2.51,1.09,2.34,4.62,5.50,6.00,29.4,1.230,0.369,6.25
35000,477,8,30.7,6.0,2.5,2.6,9.8,0.0,2.31,10.2,6,2071,8.22,6.71,7,1,0,0.2,1.00,2.83,2.71,4.38,5.00,6.38,14.2,1.274,0.723,8.25
35000,455,7,23.8,0.0,7.3,1.7,10.9,0.0,1.00,1.7,7,1713,90.69,46.15,7,0,0,0.0,1.00,1.00,1.00,4.14,4.86,5.29,23.4,1.240,0.637,5.29
35000,427,6,13.6,0.0,0.7,0.2,9.2,0.0,1.00,1.3,4,1071,52.46,43.73,6,0,0,0.0,1.00,1.00,1.00,2.83,4.33,5.00,14.7,1.379,0.516,5.00
35000,364,5,23.1,2.4,0.0,0.0,24.4,0.0,1.79,6.8,5,1648,159.12,48.48,5,0,0,0.0,2.60,1.00,1.79,3.20,5.80,5.20,15.9,0.802,0.498,7.20
35000,353,5,59.6,18.2,0.0,0.0,16.4,0.0,5.47,0.0,4,2415,96.52,14.35,4,1,0,0.0,1.63,8.89,5.68,5.40,6.20,6.20,23.0,1.140,0.485,6.20
36000,7,201,57.4,18.0,9.4,4.2,8.8,2.2,6.28,1.8,163,1501,49.14,34.79,167,30,4,2.2,7.56,2.73,7.79,5.66,6.46,7.13,21.0,1.017,0.661,7.22
36000,388,139,25.4,2.2,1.6,0.0,15.6,0.0,1.59,8.9,67,785,32.49,9.39,99,34,6,0.3,1.81,1.42,1.57,3.64,5.19,4.23,19.8,1.173,0.525,6.91
36000,339,132,25.9,0.9,5.3,0.3,11.0,0.1,1.29,5.1,92,771,30.73,12.95,124,8,0,0.1,1.37,1.06,1.36,3.63,4.61,5.22,12.9,1.413,0.554,6.17
36000,369,87,27.1,0.0,3.1,0.0,20.8,0.0,1.00,3.1,61,605,44.60,21.63,58,18,11,0.0,1.00,1.00,1.00,4.76,6.03,5.53,24.8,1.096,0.445,6.47
36000,407,48,35.7,1.7,11.6,0.0,15.4,0.0,1.50,5.8,42,1064,79.51,33.36,44,3,1,0.2,1.04,1.70,1.64,4.12,5.75,5.79,20.4,1.204,0.514,7.10
36000,61,36,27.8,2.9,0.5,0.7,17.1,0.0,1.84,11.5,11,473,50.62,18.12,30,6,0,0.0,1.66,1.87,1.95,4.67,5.28,6.89,21.7,1.157,0.576,8.89
36000,292,30,29.5,0.0,0.0,0.2,24.5,0.0,1.00,9.1,17,426,28.59,11.03,29,0,1,0.0,1.00,1.00,1.00,4.20,5.37,4.63,15.4,1.180,0.519,7.27
36000,245,28,28.4,0.0,2.9,1.0,19.1,0.0,1.00,5.2,21,522,33.55,25.15,9,19,0,0.0,1.00,1.00,1.00,3.71,5.04,4.86,24.1,1.237,0.464,6.25
36000,396,28,28.5,0.0,13.0,0.0,5.2,0.0,1.00,2.9,25,1134,32.17,40.76,25,3,0,0.0,1.00,1.00,1.00,3.46,4.32,5.54,14.5,1.549,0.493,5.64
36000,425,25,31.8,1.9,0.0,0.0,29.2,0.0,1.61,1.4,16,870,91.66,58.00,24,1,0,0.0,1.66,1.64,1.57,5.00,5.84,5.76,16.5,0.963,0.504,6.12
36000,399,19,15.3,0.0,0.0,0.0,15.5,0.0,1.00,2.7,11,929,80.46,23.42,17,0,2,0.0,1.00,1.00,1.00,3.11,5.11,4.16,22.0,0.988,0.506,5.32
36000,477,17,31.3,3.9,4.1,6.8,10.6,0.0,1.92,8.2,12,604,21.35,7.29,7,9,1,0.0,1.29,2.41,1.99,3.88,6.24,6.82,24.1,1.249,0.696,8.35
36000,427,17,7.6,0.9,0.0,0.9,3.1,0.0,1.41,10.0,7,436,14.71,8.85,17,0,0,0.0,1.53,1.47,1.32,1.82,2.76,2.47,14.9,1.411,0.443,5.12
36000,293,16,48.2,9.1,8.5,0.0,10.6,2.8,4.30,0.9,15,1621,62.47,9.55,16,0,0,2.9,4.93,1.63,5.46,4.81,5.69,5.75,10.2,1.291,0.513,5.94
36000,277,12,11.9,0.4,0.1,0.5,10.1,0.0,1.06,16.2,11,1187,46.70,16.71,9,3,0,0.0,1.00,1.11,1.08,3.00,5.83,2.83,19.3,1.061,0.486,8.25
36000,376,12,9.4,0.0,0.0,0.0,8.9,0.0,1.00,11.7,4,1101,43.62,23.74,12,0,0,0.0,1.00,1.00,1.00,2.75,4.00,2.33,20.9,1.047,0.388,6.08
36000,363,11,54.8,12.0,0.4,0.0,25.1,0.0,3.69,0.0,9,935,32.91,13.21,5,6,0,0.0,5.97,1.26,3.77,5.64,6.18,6.18,26.2,1.118,0.358,6.18
36000,356,10,4.1,0.0,0.0,0.0,5.0,0.0,1.00,11.2,2,156,3.96,1.16,10,0,0,0.0,1.00,1.00,1.00,2.10,4.20,2.60,17.3,0.818,0.366,6.20
36000,344,9,24.1,0.0,0.0,0.0,21.7,0.0,1.00,0.9,3,1115,121.66,75.49,9,0,0,0.0,1.00,1.00,1.00,3.89,4.56,5.00,16.7,1.120,0.470,5.00
36000,364,6,22.9,1.8,0.0,0.0,25.5,0.0,1.66,8.0,6,1256,147.48,25.15,6,0,0,0.0,2.67,1.00,1.58,3.83,6.17,4.83,15.0,0.780,0.481,7.50
36000,475,6,25.2,0.0,0.0,0.0,21.2,0.0,1.00,1.0,3,1924,152.79,157.21,5,1,0,0.0,1.00,1.00,1.00,3.67,4.67,4.83,21.1,1.195,0.345,5.00
36000,480,5,15.3,0.0,0.0,0.0,11.4,0.0,1.00,15.2,5,2053,144.54,54.58,5,0,0,0.0,1.00,1.00,1.00,2.80,2.40,5.60,20.1,1.344,0.598,7.80
37000,369,324,34.0,0.0,5.6,0.0,22.6,0.0,1.00,3.1,199,355,29.01,11.83,100,114,110,0.0,1.00,1.00,1.00,4.93,6.15,6.04,31.6,1.173,0.452,6.82
37000,388,243,25.1,3.0,1.6,0.0,13.8,0.1,1.83,8.2,103,542,35.54,10.47,129,71,43,0.6,2.22,1.45,1.83,3.75,5.30,4.43,24.1,1.172,0.538,6.87
37000,339,228,24.7,0.5,6.7,0.1,9.7,0.0,1.15,4.6,127,521,21.43,13.36,109,84,35,0.1,1.19,1.07,1.18,3.70,4.43,5.32,25.1,1.419,0.566,6.01
37000,292,104,24.5,0.0,1.0,0.5,18.8,0.0,1.00,9.6,42,427,28.35,8.62,62,12,30,0.0,1.00,1.00,1.00,4.08,6.03,4.69,25.8,1.175,0.491,7.56
37000,7,82,57.1,18.5,10.6,3.8,6.8,2.5,6.23,1.3,74,1462,47.90,33.13,73,8,1,2.5,7.86,2.60,7.41,5.63,6.48,7.02,18.4,1.016,0.656,7.07
37000,407,66,35.4,1.6,12.4,0.0,14.5,0.0,1.60,4.8,44,916,70.01,29.63,41,15,10,0.1,1.28,1.74,1.72,4.21,5.55,5.58,26.3,1.200,0.519,6.76
37000,61,40,27.2,1.9,0.8,0.9,18.0,0.0,1.48,11.2,13,1054,72.82,25.43,28,8,4,0.1,1.31,1.45,1.62,4.72,5.18,7.32,24.0,1.168,0.572,8.98
37000,245,32,38.9,0.0,5.8,0.0,25.1,0.0,1.00,0.7,21,342,32.15,20.63,32,0,0,0.0,1.00,1.00,1.00,4.50,5.78,5.72,19.3,1.260,0.439,5.91
37000,356,28,3.6,0.0,0.0,0.0,4.4,0.0,1.00,15.4,11,363,16.32,8.94,27,1,0,0.0,1.00,1.00,1.00,1.86,2.36,2.79,13.2,0.807,0.367,6.36
37000,385,27,7.5,0.0,1.6,0.0,5.4,0.0,1.00,19.9,9,391,11.68,3.87,26,1,0,0.0,1.00,1.00,1.00,2.11,3.41,3.19,16.9,1.065,0.671,8.26
37000,504,24,36.0,0.0,13.7,0.0,22.7,0.0,1.00,1.0,19,328,29.56,13.82,1,18,5,0.0,1.00,1.00,1.00,4.83,6.29,6.46,35.1,0.984,0.623,6.62
37000,425,22,29.6,1.4,0.1,1.0,26.9,0.0,1.29,1.8,19,1313,140.81,81.98,19,3,0,0.0,1.00,1.42,1.38,4.27,5.55,6.00,17.3,0.972,0.509,6.23
37000,376,20,15.5,0.6,0.0,0.0,12.6,0.0,1.57,9.8,16,504,40.54,18.61,20,0,0,0.0,1.65,1.87,1.46,2.95,4.10,3.75,13.9,1.098,0.404,6.35
37000,363,19,50.2,9.5,0.0,0.0,27.7,0.0,2.75,0.0,14,787,35.07,9.52,3,15,1,0.0,4.03,1.15,2.92,5.11,6.16,6.16,32.0,1.073,0.317,6.16
37000,477,15,39.3,7.1,3.7,7.5,10.9,0.0,2.72,5.7,14,1259,29.36,6.93,9,6,0,0.0,1.30,3.77,2.91,4.80,7.73,7.20,20.2,1.221,0.674,8.53
37000,396,13,30.2,0.0,14.1,0.0,5.2,0.0,1.00,2.8,13,1828,53.65,67.44,10,3,0,0.0,1.00,1.00,1.00,3.54,4.62,5.46,16.3,1.545,0.499,5.69
37000,399,11,9.6,0.0,0.0,0.0,9.9,0.0,1.00,4.7,7,1270,135.47,31.62,11,0,0,0.0,1.00,1.00,1.00,2.73,4.73,3.27,17.2,0.996,0.532,5.00
37000,277,11,35.1,2.3,0.0,0.0,25.5,0.0,1.44,1.8,9,369,53.82,19.50,0,11,0,0.0,1.00,1.57,1.60,5.27,6.73,6.55,28.5,1.170,0.528,7.09
37000,427,10,11.4,0.0,0.0,0.7,7.9,0.0,1.00,3.6,7,761,39.95,22.25,10,0,0,0.0,1.00,1.00,1.00,2.90,5.00,5.10,14.5,1.389,0.518,5.40
37000,467,8,78.1,0.0,36.9,0.0,14.4,0.0,1.00,1.8,8,677,19.06,31.13,7,1,0,0.0,1.00,1.00,1.00,6.75,7.50,7.88,16.4,1.516,0.700,8.12
37000,500,6,53.1,0.0,3.7,0.0,44.3,0.0,1.00,0.0,4,1333,220.02,88.24,6,0,0,0.0,1.00,1.00,1.00,7.50,7.00,7.00,20.9,1.106,0.531,7.00
38000,339,1129,25.5,1.4,5.7,0.5,10.4,0.0,1.41,6.4,552,567,31.03,16.15,376,447,306,0.2,1.51,1.27,1.45,3.79,4.76,4.99,31.2,1.319,0.560,6.45
38000,369,450,26.7,0.2,3.7,0.3,18.1,0.0,1.05,6.5,321,644,48.56,22.68,129,153,168,0.0,1.06,1.03,1.06,4.14,5.39,5.25,32.0,1.168,0.451,6.87
38000,510,160,17.2,0.0,0.1,1.2,12.7,0.0,1.00,11.6,103,509,30.29,10.14,91,47,22,0.0,1.00,1.00,1.00,3.04,3.86,4.33,23.9,1.301,0.485,6.92
38000,292,158,19.2,0.1,0.8,1.1,14.6,0.0,1.01,11.5,87,619,33.74,8.55,65,25,68,0.0,1.00,1.02,1.00,3.51,5.67,4.41,30.9,1.154,0.461,7.82
38000,407,111,31.3,1.6,8.8,0.0,13.9,0.0,1.51,5.3,64,694,48.86,15.94,46,27,38,0.1,1.20,1.70,1.58,3.71,5.07,5.05,30.7,1.231,0.531,6.39
38000,7,90,59.4,19.4,10.8,4.6,6.5,2.3,6.35,1.3,71,1141,45.82,33.30,80,6,4,2.3,7.95,3.20,7.28,5.66,6.56,7.14,17.8,1.021,0.656,7.16
38000,61,41,25.2,2.1,2.2,1.6,13.7,0.0,1.54,11.1,24,971,43.43,20.21,29,7,5,0.1,1.31,1.71,1.59,4.37,5.51,7.12,24.3,1.196,0.562,8.78
38000,376,35,12.9,0.1,0.3,0.0,11.4,0.0,1.09,9.5,16,479,33.36,15.04,23,12,0,0.0,1.14,1.14,1.07,3.17,4.63,3.03,19.0,1.062,0.397,6.20
38000,425,30,36.8,0.0,1.1,0.2,36.4,0.0,1.00,1.1,15,600,78.44,35.81,29,1,0,0.0,1.00,1.00,1.00,5.37,6.40,6.17,17.7,0.971,0.527,6.50
38000,245,26,39.8,0.0,5.9,0.0,25.0,0.0,1.00,0.8,17,704,61.07,39.06,24,2,0,0.0,1.00,1.00,1.00,5.04,5.85,5.81,20.6,1.285,0.456,6.04
38000,477,22,32.9,5.4,3.2,6.5,10.1,0.0,2.48,8.4,16,1579,38.48,8.91,11,9,2,0.0,1.61,3.80,2.52,4.45,6.73,6.14,23.1,1.233,0.682,8.45
38000,504,21,34.0,0.0,11.3,0.0,23.5,0.0,1.00,0.4,17,1018,72.82,25.61,0,13,8,0.0,1.00,1.00,1.00,4.86,6.29,6.38,35.5,0.968,0.634,6.43
38000,467,18,41.9,0.0,0.2,1.7,25.1,0.0,1.00,4.0,6,328,44.13,20.06,13,5,0,0.0,1.00,1.00,1.00,4.78,6.83,4.83,23.6,1.593,0.650,6.83
38000,356,14,4.3,0.0,0.0,0.0,5.3,0.0,1.00,14.9,9,662,36.51,9.22,14,0,0,0.0,1.00,1.00,1.00,2.14,3.21,3.00,12.4,0.815,0.364,6.64
38000,519,11,21.0,0.0,8.8,0.0,9.1,0.0,1.00,2.0,11,2161,98.31,63.71,11,0,0,0.0,1.00,1.00,1.00,3.73,5.82,5.18,20.6,1.169,0.589,6.00
38000,385,11,9.3,0.0,2.0,0.0,6.5,0.0,1.00,19.5,5,1274,22.22,7.16,10,1,0,0.0,1.00,1.00,1.00,2.55,3.82,3.55,16.6,1.068,0.664,8.55
38000,277,10,21.1,2.5,0.0,0.0,12.7,0.0,1.56,8.6,8,1086,92.83,39.47,2,8,0,0.0,1.00,1.64,1.78,3.50,5.80,4.70,28.2,1.176,0.541,7.30
38000,500,8,53.5,0.0,4.4,0.0,44.4,0.0,1.00,0.0,3,221,26.38,18.62,8,0,0,0.0,1.00,1.00,1.00,6.50,7.00,7.00,21.1,1.097,0.527,7.00
38000,396,7,46.6,0.0,23.3,0.0,6.4,0.0,1.00,0.6,7,1130,42.98,17.13,5,2,0,0.0,1.00,1.00,1.00,4.71,6.14,5.86,18.3,1.573,0.509,6.14
38000,363,7,53.6,14.9,0.0,0.0,20.3,0.0,4.66,0.6,7,2740,87.52,23.65,2,4,1,0.0,7.05,2.65,4.45,5.29,6.00,6.29,29.6,1.070,0.361,6.29
38000,427,6,12.7,0.0,2.5,0.5,6.5,0.0,1.00,6.3,6,864,27.66,19.60,6,0,0,0.0,1.00,1.00,1.00,3.00,4.50,5.17,14.2,1.361,0.540,5.83
39000,339,2081,25.0,1.2,4.9,0.2,11.8,0.1,1.36,6.7,1218,765,42.73,19.87,614,868,599,0.2,1.41,1.25,1.40,3.65,4.70,5.00,32.0,1.295,0.543,6.49
39000,7,264,51.6,14.9,9.5,5.7,7.7,2.0,5.06,2.2,177,563,15.96,35.10,155,67,42,2.0,6.45,2.37,6.00,5.71,6.24,6.92,24.2,1.035,0.659,7.11
39000,292,245,13.0,0.1,1.1,0.4,10.8,0.0,1.01,15.4,133,555,29.03,11.86,40,128,77,0.0,1.01,1.02,1.01,3.18,4.54,4.76,33.3,1.044,0.453,8.33
39000,510,127,18.8,0.0,0.3,0.6,13.1,0.0,1.00,9.5,85,703,41.17,14.66,76,26,25,0.0,1.00,1.00,1.00,3.35,4.30,4.46,24.6,1.364,0.499,6.71
39000,407,102,24.8,1.9,4.0,0.1,12.1,0.0,1.61,7.3,61,906,63.47,20.66,19,51,32,0.3,1.15,1.84,1.72,3.28,4.75,4.56,34.0,1.207,0.549,6.42
39000,523,102,20.4,0.0,6.7,0.0,6.4,0.0,1.00,4.9,60,1087,47.83,33.48,102,0,0,0.0,1.00,1.00,1.00,2.89,3.87,3.68,17.5,1.532,0.566,5.01
39000,529,54,15.3,0.0,0.7,0.1,11.2,0.0,1.00,12.8,31,717,32.09,11.37,15,11,28,0.0,1.00,1.00,1.00,3.19,3.67,4.28,34.5,1.312,0.573,7.15
39000,526,47,41.4,0.0,3.6,1.1,25.4,0.0,1.00,2.9,33,802,61.14,44.38,42,4,1,0.0,1.00,1.00,1.00,5.04,5.74,5.66,22.3,1.390,0.631,6.34
39000,61,46,30.4,2.7,0.9,1.3,18.9,0.0,1.65,8.7,23,873,42.73,21.22,23,17,6,0.1,1.33,1.94,1.71,4.93,5.96,8.11,27.3,1.188,0.564,8.87
39000,376,37,9.8,0.2,0.0,0.0,8.9,0.0,1.20,10.9,20,561,33.83,17.88,31,5,1,0.0,1.32,1.32,1.14,2.54,4.76,2.19,16.8,1.045,0.387,6.11
39000,385,36,8.3,0.0,1.7,0.0,5.8,0.0,1.00,18.8,15,924,21.41,9.01,35,1,0,0.0,1.00,1.00,1.00,2.58,3.61,3.39,18.4,1.084,0.684,8.19
39000,519,34,9.8,0.0,2.7,0.0,5.6,0.0,1.00,9.2,20,466,25.26,12.01,34,0,0,0.0,1.00,1.00,1.00,2.82,4.12,3.62,20.6,1.199,0.629,5.94
39000,369,28,25.1,0.8,0.0,0.0,20.6,0.0,1.35,7.8,25,743,116.63,34.44,0,22,6,0.0,1.34,1.32,1.41,3.79,4.57,5.82,35.4,1.108,0.535,7.07
39000,425,25,29.2,1.4,2.1,1.2,24.5,0.2,1.40,2.4,20,627,61.84,46.50,25,0,0,0.2,1.61,1.00,1.50,5.12,5.60,5.68,14.9,0.968,0.508,6.24
39000,530,20,27.0,0.1,2.5,0.8,19.5,0.2,1.01,4.6,20,1801,141.18,120.46,20,0,0,0.2,1.01,1.00,1.01,3.90,5.60,4.80,19.4,1.191,0.551,6.20
39000,467,20,24.9,0.2,0.2,1.1,14.5,0.0,1.19,10.8,13,733,76.25,40.83,9,11,0,0.0,1.10,1.10,1.55,3.30,5.35,3.65,26.3,1.581,0.648,6.80
39000,245,19,41.1,0.0,5.4,0.1,25.9,0.0,1.00,0.9,13,1166,107.10,52.86,14,5,0,0.0,1.00,1.00,1.00,4.79,5.79,5.63,22.8,1.305,0.479,5.95
39000,504,17,34.8,0.0,11.4,0.0,23.9,0.0,1.00,0.6,16,1701,98.95,21.96,0,8,9,0.0,1.00,1.00,1.00,4.88,6.41,6.47,36.4,0.977,0.630,6.59
39000,356,15,5.6,0.0,0.6,0.0,6.2,0.0,1.00,11.2,15,718,30.63,11.21,15,0,0,0.0,1.00,1.00,1.00,2.33,3.53,3.67,12.6,0.827,0.373,6.27
39000,396,11,47.8,0.0,26.5,0.0,4.7,0.0,1.00,2.5,9,904,23.86,19.63,10,1,0,0.0,1.00,1.00,1.00,4.55,5.64,6.36,17.4,1.541,0.519,6.64
39000,444,9,41.7,9.7,0.0,1.4,15.3,0.0,4.62,0.0,7,1238,63.86,29.59,8,1,0,0.0,5.80,3.39,4.65,4.56,5.33,5.33,22.2,1.174,0.438,5.33
39000,277,7,25.9,3.1,0.0,0.0,15.3,0.0,1.71,5.7,7,2060,97.77,42.33,1,6,0,0.0,1.00,1.88,1.95,4.14,6.43,5.14,28.9,1.191,0.541,7.14
39000,477,6,40.7,8.2,3.5,7.2,10.3,0.0,2.92,7.0,6,1531,54.36,12.71,5,1,0,0.0,1.50,4.02,3.05,5.33,7.00,6.50,16.8,1.237,0.667,8.50
39000,500,6,36.5,1.2,2.5,0.0,28.5,0.0,1.21,3.7,6,886,118.17,66.79,5,1,0,0.0,1.43,1.00,1.21,5.00,6.17,6.33,23.5,1.098,0.527,7.00
39000,388,5,54.4,17.6,3.4,0.0,19.0,0.0,6.06,4.4,4,637,99.98,4.65,5,0,0,0.0,4.57,6.82,6.72,5.80,5.80,8.00,23.2,0.943,0.462,8.00
40000,339,1920,25.5,1.4,5.4,0.1,10.6,0.1,1.46,6.7,1122,875,38.62,17.28,599,819,502,0.2,1.50,1.38,1.51,3.66,4.67,5.01,31.3,1.325,0.562,6.46
40000,7,443,51.5,14.0,9.7,5.7,8.5,2.0,4.73,1.8,302,822,30.51,30.52,192,166,85,2.0,6.09,2.22,5.48,5.67,6.35,6.95,28.5,1.045,0.660,7.09
40000,292,253,13.1,0.1,0.9,0.5,11.0,0.0,1.01,13.9,128,623,28.10,11.48,39,83,131,0.0,1.01,1.01,1.01,3.41,4.77,4.97,36.5,1.052,0.447,8.25
40000,407,154,27.6,1.6,4.2,0.0,14.6,0.0,1.43,4.8,75,738,55.48,22.88,5,64,85,0.5,1.09,1.63,1.50,3.59,5.22,4.83,38.0,1.245,0.533,6.17
40000,510,103,17.7,0.0,0.3,0.2,11.8,0.0,1.00,9.5,71,740,34.85,11.61,48,22,33,0.0,1.00,1.00,1.00,2.90,4.30,4.42,28.3,1.412,0.489,6.62
40000,529,84,22.0,0.0,1.1,0.6,15.2,0.0,1.00,9.9,54,656,26.05,8.28,57,21,6,0.0,1.00,1.00,1.00,3.77,3.81,5.75,23.4,1.334,0.584,7.23
40000,385,73,7.0,0.0,1.0,0.0,5.2,0.0,1.00,19.1,34,476,20.72,9.23,73,0,0,0.0,1.00,1.00,1.00,2.25,3.59,2.89,18.5,1.088,0.687,7.99
40000,61,58,28.4,3.3,0.4,2.4,15.6,0.0,1.84,11.0,34,899,42.52,17.90,23,24,11,0.0,1.73,2.24,1.82,4.36,5.57,6.71,27.8,1.213,0.576,8.64
40000,536,50,34.3,0.0,2.5,0.6,23.8,0.0,1.00,3.0,28,720,38.75,16.78,2,34,14,0.0,1.00,1.00,1.00,4.26,5.24,5.54,33.2,1.276,0.457,6.14
40000,523,41,8.6,0.0,0.9,0.1,4.6,0.0,1.00,11.5,17,560,18.25,20.73,41,0,0,0.0,1.00,1.00,1.00,1.90,2.41,2.07,18.2,1.585,0.580,5.12
40000,369,39,10.7,0.3,0.0,0.0,9.2,0.0,1.10,17.8,23,919,84.87,28.29,0,33,6,0.0,1.09,1.08,1.15,2.26,2.97,3.38,35.9,1.023,0.550,7.51
40000,535,38,16.2,0.0,2.6,0.7,10.8,0.0,1.00,5.7,34,974,69.25,40.33,38,0,0,0.0,1.00,1.00,1.00,3.24,4.32,4.26,18.7,1.197,0.542,5.63
40000,540,29,41.3,4.7,4.9,1.4,24.2,1.5,2.32,3.4,23,1358,123.08,60.94,5,21,3,1.6,2.58,1.13,2.85,5.14,5.69,6.97,31.8,1.033,0.597,7.17
40000,538,27,6.8,0.0,0.0,0.1,6.1,0.0,1.00,11.5,14,216,11.25,3.72,26,1,0,0.0,1.00,1.00,1.00,1.96,3.44,2.85,16.3,1.087,0.514,6.00
40000,376,27,9.6,0.1,0.0,0.0,9.1,0.0,1.04,10.5,14,1062,44.25,26.18,26,0,1,0.0,1.06,1.06,1.02,2.26,4.81,2.30,15.5,1.045,0.391,6.11
40000,526,27,35.8,0.0,0.5,0.4,26.7,0.0,1.00,3.6,18,825,45.13,39.14,21,6,0,0.0,1.00,1.00,1.00,4.89,5.37,5.19,23.8,1.309,0.566,6.15
40000,277,23,10.7,0.6,0.0,0.0,7.9,0.0,1.17,16.4,7,363,16.58,3.90,0,23,0,0.0,1.00,1.31,1.18,2.35,4.43,2.48,31.1,1.152,0.542,7.57
40000,467,17,41.5,4.1,2.9,1.4,14.0,0.6,1.80,8.7,16,1239,94.98,47.88,7,10,0,0.6,2.10,1.19,1.96,3.35,5.65,4.06,27.1,1.595,0.642,6.88
40000,504,15,30.5,0.0,10.6,0.0,21.6,0.0,1.00,1.6,13,1255,104.05,28.65,1,8,6,0.0,1.00,1.00,1.00,5.67,6.13,6.47,35.7,0.941,0.629,6.60
40000,530,14,24.0,0.0,0.6,1.7,18.3,0.0,1.00,4.3,14,1037,78.62,58.77,14,0,0,0.0,1.00,1.00,1.00,3.86,5.71,4.79,19.1,1.214,0.533,6.14
40000,245,14,43.8,0.0,5.4,0.1,27.9,0.0,1.00,0.1,10,1342,97.08,38.28,9,5,0,0.0,1.00,1.00,1.00,5.00,5.93,5.86,24.2,1.313,0.475,5.93
40000,425,13,25.8,2.6,1.1,1.6,19.9,0.3,1.96,3.7,13,1343,135.65,88.62,13,0,0,0.3,2.18,1.38,2.14,4.54,5.54,5.23,15.3,0.940,0.482,6.31
40000,444,9,41.1,9.4,0.0,1.6,15.2,0.0,4.56,0.0,7,1905,77.02,35.87,7,2,0,0.0,5.67,3.39,4.59,4.44,5.33,5.33,22.9,1.174,0.438,5.33
40000,427,9,13.7,0.6,0.0,2.0,8.4,0.0,1.16,3.8,3,489,21.40,3.02,9,0,0,0.0,1.24,1.00,1.21,4.44,5.67,6.00,14.6,1.308,0.560,6.00
40000,519,7,5.7,0.0,1.7,0.0,3.0,0.0,1.00,14.0,7,645,28.66,7.90,7,0,0,0.0,1.00,1.00,1.00,1.71,2.43,2.86,20.6,1.202,0.616,6.00
40000,500,6,24.3,1.2,1.7,0.0,18.2,0.0,1.41,7.3,6,1886,284.38,113.90,6,0,0,0.0,1.43,1.31,1.50,3.67,4.50,5.83,23.7,1.098,0.527,7.00
40000,539,6,43.3,1.0,11.0,0.0,12.3,0.0,1.10,0.0,3,811,44.56,46.65,6,0,0,4.0,1.00,1.00,1.20,4.00,5.00,5.00,11.8,1.709,0.674,5.00
40000,396,5,39.6,0.0,21.4,0.0,4.4,0.0,1.00,5.6,4,1648,62.96,19.64,5,0,0,0.0,1.00,1.00,1.00,4.20,4.20,6.60,20.5,1.537,0.521,6.80
40000,356,5,3.0,0.0,0.0,0.0,3.6,0.0,1.00,12.8,4,563,13.48,6.38,5,0,0,0.0,1.00,1.00,1.00,2.40,3.20,2.40,14.5,0.821,0.371,6.00
41000,339,2251,24.6,1.3,4.6,0.1,11.2,0.1,1.42,6.8,1455,934,45.15,21.02,732,894,625,0.2,1.44,1.33,1.48,3.61,4.74,4.87,31.2,1.314,0.542,6.46
41000,7,599,52.3,15.4,9.1,5.5,7.3,1.9,5.24,1.9,425,1161,42.28,37.05,280,207,112,1.9,6.63,2.33,6.23,5.57,6.26,6.97,28.0,1.044,0.659,7.07
41000,292,383,12.5,0.1,0.5,0.7,10.8,0.0,1.05,15.2,183,453,19.22,7.84,94,141,148,0.0,1.03,1.06,1.05,3.24,4.39,4.90,34.2,1.028,0.449,8.31
41000,510,155,22.8,0.0,0.1,0.0,16.2,0.0,1.00,8.6,77,715,30.75,12.88,69,40,46,0.0,1.00,1.00,1.00,3.34,4.50,4.87,28.6,1.355,0.533,6.79
41000,544,136,43.3,0.4,8.9,7.4,16.0,0.0,1.05,1.1,99,1120,91.00,36.51,16,30,90,0.0,1.03,1.06,1.05,5.24,6.06,6.29,42.3,1.483,0.602,6.40
41000,407,136,28.6,1.4,4.8,0.0,15.4,0.0,1.28,4.4,71,902,61.43,28.89,1,43,92,0.6,1.05,1.47,1.30,3.71,5.26,4.98,39.4,1.243,0.546,6.20
41000,536,82,32.2,0.6,2.1,1.9,22.7,0.0,1.14,2.8,59,695,44.64,16.91,36,39,7,0.0,1.17,1.09,1.16,4.73,5.74,6.22,27.9,1.190,0.470,6.54
41000,529,81,26.1,0.0,0.7,0.9,18.2,0.0,1.00,8.9,55,827,39.40,12.33,43,35,3,0.0,1.00,1.00,1.00,4.05,4.65,5.06,25.6,1.340,0.573,7.04
41000,549,52,26.3,0.0,5.3,3.9,8.5,0.0,1.00,1.1,49,1030,33.89,25.21,33,19,0,0.0,1.00,1.00,1.00,3.37,4.58,4.58,21.5,1.669,0.522,4.85
41000,376,38,10.2,1.2,0.0,0.0,7.5,0.0,1.55,11.4,20,724,30.04,17.72,38,0,0,0.0,1.53,1.95,1.44,2.37,4.58,1.92,16.5,1.048,0.386,6.05
41000,61,33,27.4,3.3,0.3,2.2,15.2,0.0,1.89,12.1,23,1416,66.84,21.85,15,17,1,0.0,1.61,2.51,1.83,4.18,5.67,7.03,25.7,1.188,0.571,8.79
41000,545,27,29.0,6.3,1.1,5.4,16.9,0.3,2.84,6.0,27,1162,80.08,35.01,17,7,3,0.4,3.32,1.34,3.50,4.70,6.04,5.67,25.2,0.861,0.692,7.19
41000,526,27,42.2,0.0,0.0,0.0,34.0,0.0,1.00,2.7,15,925,61.98,69.66,17,10,0,0.0,1.00,1.00,1.00,5.70,5.78,5.74,25.5,1.254,0.529,6.41
41000,385,26,9.6,0.0,1.8,0.0,6.8,0.0,1.00,16.4,16,1642,56.46,23.03,26,0,0,0.0,1.00,1.00,1.00,2.92,4.31,3.58,19.2,1.102,0.702,8.00
41000,535,26,20.3,0.0,3.0,0.2,14.3,0.0,1.00,4.9,22,886,39.14,39.56,26,0,0,0.0,1.00,1.00,1.00,3.04,4.77,4.19,21.9,1.198,0.577,5.58
41000,546,26,27.6,0.0,7.0,0.0,14.3,0.0,1.00,2.0,21,878,79.28,36.77,1,25,0,0.0,1.00,1.00,1.00,3.54,4.73,4.85,30.7,1.307,0.537,5.27
41000,539,25,32.3,1.0,8.6,0.2,8.5,0.0,1.17,1.1,23,914,40.21,35.77,25,0,0,1.7,1.13,1.15,1.21,3.68,4.96,4.80,13.6,1.676,0.667,5.16
41000,467,23,35.2,3.0,2.6,1.1,12.4,0.3,1.66,9.8,20,943,48.03,15.06,11,12,0,0.4,1.82,1.22,1.83,3.00,5.17,4.13,26.9,1.585,0.665,6.96
41000,523,21,14.5,0.0,1.7,0.0,7.8,0.0,1.00,7.4,17,445,17.66,11.72,21,0,0,0.0,1.00,1.00,1.00,2.38,3.33,3.48,18.5,1.526,0.537,5.24
41000,538,20,5.7,0.0,0.2,0.1,5.0,0.0,1.00,12.5,11,783,24.08,11.62,13,7,0,0.0,1.00,1.00,1.00,2.00,3.15,2.60,20.9,1.086,0.516,6.00
41000,530,19,33.4,0.7,3.9,0.0,22.4,0.1,1.05,2.3,18,897,64.98,41.39,19,0,0,0.1,1.11,1.00,1.05,4.53,5.74,5.32,18.9,1.235,0.545,6.11
41000,369,18,20.3,2.1,0.2,0.0,14.7,0.1,1.67,9.7,17,1577,113.47,39.05,1,14,3,0.2,1.73,1.59,1.74,3.39,4.22,5.50,33.9,1.066,0.545,7.06
41000,245,15,40.8,0.0,3.3,0.1,25.9,0.0,1.00,1.7,11,1335,81.51,36.21,10,4,1,0.0,1.00,1.00,1.00,4.27,5.47,5.40,23.7,1.362,0.485,5.87
41000,540,15,45.7,6.3,6.0,1.3,23.8,1.6,2.79,3.2,13,2206,176.34,88.74,4,8,3,1.8,3.23,1.06,3.52,5.27,5.67,6.73,30.8,1.040,0.602,7.00
41000,444,15,40.1,7.4,0.2,1.3,19.7,0.0,3.84,0.1,10,929,63.35,35.41,14,1,0,0.0,4.67,2.33,4.18,4.13,5.40,5.33,22.3,1.139,0.411,5.40
41000,277,15,12.7,0.9,0.5,0.0,8.5,0.0,1.26,15.1,5,569,26.39,10.90,0,15,0,0.0,1.00,1.48,1.28,2.47,4.80,3.00,29.7,1.147,0.539,7.67
41000,425,14,24.8,3.3,0.7,7.6,15.4,0.2,2.22,2.9,11,963,24.56,10.46,14,0,0,0.2,2.46,1.77,2.32,4.43,6.21,5.21,19.9,0.924,0.431,6.43
41000,504,12,27.7,0.0,10.2,0.0,18.2,0.0,1.00,3.5,10,1109,79.34,38.10,0,5,7,0.0,1.00,1.00,1.00,5.33,5.67,6.25,36.9,0.965,0.618,6.67
41000,497,7,28.0,0.0,9.9,0.0,11.7,0.0,1.00,3.7,7,1161,92.55,84.18,0,3,4,0.0,1.00,1.00,1.00,4.14,5.43,5.57,39.7,1.292,0.757,6.43
41000,427,7,12.0,0.0,0.0,1.0,8.6,0.0,1.00,4.3,5,1033,47.93,3.99,7,0,0,0.0,1.00,1.00,1.00,4.29,5.29,5.71,14.8,1.322,0.561,6.00
42000,339,2025,23.1,1.4,3.4,0.1,11.5,0.1,1.44,7.1,1299,920,43.09,18.11,562,805,658,0.1,1.47,1.36,1.49,3.56,4.68,4.80,32.3,1.297,0.536,6.46
42000,7,762,53.1,16.0,9.1,5.0,7.2,1.9,5.40,1.9,532,1248,47.84,42.66,330,259,173,1.9,6.86,2.44,6.38,5.52,6.23,6.98,28.9,1.045,0.657,7.06
42000,510,208,19.8,0.0,0.6,0.8,12.7,0.0,1.00,9.6,123,632,28.69,13.97,117,47,44,0.0,1.00,1.00,1.00,3.05,4.38,4.48,26.1,1.397,0.530,6.76
42000,292,200,16.7,0.2,0.5,2.4,12.9,0.0,1.03,10.4,107,887,39.71,8.06,31,58,111,0.0,1.02,1.03,1.03,3.90,5.21,6.05,36.7,1.105,0.463,7.99
42000,544,191,38.6,0.4,7.5,5.0,15.4,0.0,1.08,2.1,142,1155,81.99,38.78,26,44,121,0.0,1.08,1.08,1.08,4.66,5.74,5.91,42.2,1.469,0.617,6.31
42000,407,108,33.6,2.4,5.2,0.0,16.6,0.0,1.59,3.3,56,1149,66.98,31.37,0,30,78,0.9,1.22,1.91,1.62,3.96,5.38,5.35,39.9,1.267,0.520,6.19
42000,529,107,23.7,0.0,0.7,1.1,17.2,0.0,1.05,8.2,75,854,53.34,25.07,67,39,1,0.0,1.06,1.06,1.04,3.70,4.45,4.86,25.1,1.294,0.591,6.68
42000,526,71,28.3,0.0,3.3,0.0,19.4,0.0,1.00,3.9,62,941,68.62,49.13,21,47,3,0.0,1.00,1.00,1.00,3.85,5.17,4.94,28.7,1.254,0.504,6.00
42000,536,59,27.4,0.7,1.8,1.9,18.3,0.0,1.17,4.6,51,1027,71.59,27.28,20,34,5,0.0,1.18,1.13,1.20,3.98,5.08,5.58,28.6,1.208,0.495,6.37
42000,535,25,24.7,0.0,3.8,0.0,17.0,0.0,1.00,1.6,18,571,26.97,19.72,22,3,0,0.0,1.00,1.00,1.00,4.16,5.24,5.24,24.1,1.188,0.612,5.60
42000,61,24,26.2,2.5,1.1,2.6,14.4,0.0,1.67,12.1,18,1544,81.39,26.82,8,14,2,0.0,1.44,2.41,1.60,4.21,5.92,6.67,27.7,1.206,0.576,8.83
42000,549,23,25.7,0.1,5.7,3.4,7.9,0.0,1.02,1.5,22,1298,44.17,27.29,18,5,0,0.1,1.00,1.05,1.02,3.00,4.70,4.43,19.9,1.657,0.525,4.87
42000,467,23,34.6,1.4,1.2,2.3,16.0,0.0,1.44,7.0,14,798,48.24,17.17,3,20,0,0.0,1.50,1.65,1.34,4.13,5.65,4.61,30.5,1.615,0.660,6.83
42000,376,22,9.0,0.1,0.0,0.0,8.5,0.0,1.03,11.1,13,825,26.01,16.53,22,0,0,0.0,1.11,1.00,1.02,2.14,4.50,2.05,14.8,1.046,0.392,6.00
42000,530,21,33.0,2.1,5.1,0.2,20.8,0.3,1.14,2.4,20,657,50.49,24.11,21,0,0,0.4,1.18,1.12,1.12,5.14,5.62,5.76,20.3,1.094,0.550,6.29
42000,539,20,33.1,1.2,8.4,0.2,8.6,0.0,1.20,1.8,19,1224,56.88,26.55,20,0,0,2.0,1.04,1.17,1.29,3.55,4.85,4.90,13.5,1.675,0.671,5.25
42000,504,20,36.9,0.0,11.9,0.0,25.0,0.0,1.00,1.5,15,708,47.04,27.33,5,7,8,0.0,1.00,1.00,1.00,5.80,6.45,6.65,32.7,0.994,0.604,6.85
42000,545,19,24.8,6.1,0.9,1.6,15.6,0.3,2.90,7.8,19,1769,99.18,46.21,13,3,3,0.4,3.29,1.57,3.58,3.95,5.47,5.21,24.7,0.837,0.661,7.16
42000,425,18,13.0,0.7,0.0,8.9,8.6,0.0,1.18,6.3,15,659,37.87,23.85,17,1,0,0.0,1.20,1.26,1.12,3.56,4.83,4.33,22.5,0.891,0.407,6.06
42000,523,17,27.0,0.0,6.8,0.6,11.4,0.0,1.00,1.9,17,849,37.06,19.55,14,3,0,0.0,1.00,1.00,1.00,3.41,4.88,4.47,21.7,1.484,0.503,5.12
42000,540,13,24.6,0.0,0.0,0.9,24.0,0.0,1.00,8.2,8,589,42.27,34.90,0,13,0,0.0,1.00,1.00,1.00,4.15,4.31,5.69,34.7,1.022,0.591,7.00
42000,277,12,11.1,1.1,0.0,0.0,7.4,0.0,1.43,17.7,9,1332,49.10,21.17,1,11,0,0.0,1.00,2.00,1.39,2.17,3.58,3.08,28.9,1.140,0.542,7.75
42000,369,12,17.6,0.7,0.0,0.0,14.8,0.0,1.20,10.0,7,1137,58.84,15.38,1,10,1,0.0,1.24,1.18,1.22,3.25,4.00,4.50,33.3,1.084,0.525,6.75
42000,538,9,5.1,0.0,0.2,0.2,4.3,0.0,1.00,13.1,7,1806,31.53,9.23,8,1,0,0.0,1.00,1.00,1.00,1.78,2.78,2.67,17.2,1.092,0.518,6.00
42000,245,9,28.5,0.0,1.7,0.0,18.1,0.0,1.00,4.7,9,1220,81.64,50.35,5,4,0,0.0,1.00,1.00,1.00,3.11,5.44,4.22,23.4,1.435,0.486,6.00
42000,444,9,39.9,11.2,0.0,2.3,10.1,0.0,5.48,0.0,7,1255,91.92,47.57,9,0,0,0.0,6.76,3.60,5.78,4.00,5.00,5.00,20.0,1.184,0.453,5.00
42000,550,7,4.4,0.0,0.0,0.0,3.0,0.0,1.00,15.4,4,1320,48.08,7.81,7,0,0,0.0,1.00,1.00,1.00,2.00,3.43,1.86,20.5,1.468,0.571,5.86
42000,497,6,38.1,0.0,12.2,0.0,17.8,0.0,1.00,3.0,6,1290,124.98,42.25,0,0,6,0.0,1.00,1.00,1.00,4.50,5.67,6.17,46.6,1.271,0.738,6.67
42000,543,6,25.5,0.0,9.3,0.0,9.5,0.0,1.00,0.0,6,1101,40.09,11.20,6,0,0,0.0,1.00,1.00,1.00,3.50,5.00,5.00,12.7,1.350,0.659,5.00
42000,385,5,9.5,0.0,1.4,0.0,7.0,0.0,1.00,16.4,5,1421,31.32,10.64,5,0,0,0.0,1.00,1.00,1.00,2.40,4.60,3.20,17.1,1.114,0.697,8.00
43000,339,2154,23.1,1.4,3.2,0.1,11.7,0.1,1.44,7.4,1439,900,41.58,17.77,605,801,748,0.1,1.49,1.35,1.48,3.56,4.64,4.70,32.7,1.287,0.526,6.45
43000,7,926,53.6,15.9,9.6,4.8,7.2,2.1,5.44,1.7,638,1084,40.08,40.56,358,322,246,2.1,6.82,2.48,6.48,5.55,6.28,6.98,30.3,1.048,0.651,7.05
43000,292,307,15.3,0.1,0.8,0.9,12.4,0.0,1.02,12.2,221,773,33.97,8.95,55,79,173,0.0,1.02,1.03,1.02,3.60,4.97,5.54,36.3,1.091,0.452,8.05
43000,510,197,18.7,0.0,0.9,1.4,12.2,0.0,1.00,9.4,125,721,35.48,13.91,88,47,62,0.0,1.00,1.00,1.00,3.35,4.45,4.55,29.5,1.320,0.540,6.80
43000,544,163,41.6,0.6,7.6,4.8,16.7,0.0,1.05,2.1,127,1213,94.10,43.01,37,46,80,0.1,1.04,1.06,1.05,4.83,5.75,5.99,38.2,1.499,0.613,6.36
43000,407,144,24.5,2.0,2.2,0.0,13.0,0.0,1.59,6.5,84,756,42.82,21.27,0,28,116,0.4,1.26,1.85,1.64,3.15,4.56,4.65,41.0,1.288,0.485,6.19
43000,529,100,21.4,0.0,0.2,1.1,16.0,0.0,1.00,8.4,69,913,55.09,27.47,48,50,2,0.0,1.00,1.00,1.00,3.79,4.46,4.69,27.5,1.295,0.569,6.64
43000,536,86,24.4,0.6,2.5,1.4,16.2,0.0,1.18,5.0,79,968,61.30,27.29,21,57,8,0.0,1.20,1.11,1.24,4.06,4.95,5.33,29.8,1.178,0.491,6.27
43000,557,58,14.7,0.0,0.0,1.3,12.2,0.0,1.01,5.9,31,557,38.02,21.16,58,0,0,0.0,1.02,1.02,1.01,3.09,4.53,3.21,20.5,1.160,0.536,5.34
43000,526,40,35.9,0.0,1.0,0.0,29.3,0.0,1.00,2.8,30,1003,85.17,71.37,20,20,0,0.0,1.00,1.00,1.00,4.90,6.00,5.72,25.4,1.196,0.481,6.53
43000,535,34,25.1,0.0,2.0,0.0,18.6,0.0,1.00,1.5,25,763,32.69,14.17,26,8,0,0.0,1.00,1.00,1.00,4.71,5.29,5.44,24.5,1.212,0.622,5.71
43000,530,33,34.3,1.7,3.3,3.3,22.8,0.4,1.21,2.3,28,862,49.36,17.67,33,0,0,0.4,1.37,1.00,1.25,5.03,5.94,5.94,19.4,1.090,0.535,6.52
43000,467,31,32.4,0.9,0.9,2.4,16.2,0.0,1.24,6.1,18,830,54.98,17.77,7,22,2,0.0,1.11,1.44,1.22,3.90,6.39,4.00,30.1,1.570,0.654,6.68
43000,539,26,29.6,1.3,7.7,0.2,7.4,0.1,1.26,2.2,23,1365,67.84,35.82,26,0,0,1.5,1.07,1.27,1.37,3.62,4.62,4.77,13.9,1.667,0.667,5.19
43000,545,17,30.7,4.5,0.4,1.1,31.3,0.1,2.45,0.4,9,1207,58.24,30.61,16,1,0,0.2,2.69,1.61,2.76,5.82,6.53,6.53,21.3,0.732,0.597,6.53
43000,425,16,15.5,1.6,0.0,10.6,9.2,0.0,1.39,3.6,13,1356,63.31,34.15,16,0,0,0.0,1.35,1.56,1.31,4.25,5.81,4.62,22.1,0.878,0.428,6.12
43000,523,15,24.5,0.0,3.7,0.2,12.6,0.0,1.00,2.0,14,1259,71.49,33.52,9,6,0,0.0,1.00,1.00,1.00,3.67,4.60,4.47,23.7,1.494,0.511,5.00
43000,61,15,29.3,1.9,0.7,0.8,20.0,0.0,1.67,8.9,6,749,38.05,9.91,0,14,1,0.0,1.53,1.88,1.73,4.73,5.07,8.27,32.6,1.186,0.571,8.87
43000,504,12,30.3,0.0,9.6,0.0,20.2,0.0,1.00,2.7,12,1364,66.97,30.13,5,4,3,0.0,1.00,1.00,1.00,4.67,6.33,6.08,30.8,0.998,0.606,6.83
43000,549,10,21.4,0.0,6.1,0.0,7.3,0.0,1.00,3.6,10,1254,49.42,39.32,10,0,0,0.0,1.00,1.00,1.00,2.70,4.40,3.80,13.5,1.599,0.598,5.00
43000,369,9,40.4,9.8,0.0,0.0,17.6,0.0,3.63,6.9,6,1294,61.61,9.47,1,8,0,0.0,3.94,3.56,3.53,4.67,5.33,6.11,30.1,1.075,0.556,7.44
43000,427,8,14.0,0.0,0.0,0.0,10.6,0.0,1.00,2.2,3,662,26.94,5.37,8,0,0,0.0,1.00,1.00,1.00,3.62,6.00,5.12,16.3,1.322,0.561,6.00
43000,444,7,38.4,10.0,0.0,2.7,11.0,0.0,4.93,0.0,7,1727,122.59,58.80,7,0,0,0.0,6.09,3.29,5.17,4.00,5.00,5.00,21.0,1.186,0.438,5.00
43000,376,5,11.6,0.0,0.0,0.0,11.4,0.0,1.00,10.0,5,1870,53.88,16.19,5,0,0,0.0,1.00,1.00,1.00,2.40,5.40,3.20,13.4,1.021,0.400,6.60
43000,540,5,29.0,0.0,0.0,0.8,28.6,0.0,1.00,4.8,5,1268,83.99,38.32,0,3,2,0.0,1.00,1.00,1.00,4.40,5.00,6.60,36.1,0.999,0.619,7.00
43000,538,5,6.1,0.0,0.0,0.0,5.6,0.0,1.00,12.0,2,467,8.75,7.12,5,0,0,0.0,1.00,1.00,1.00,2.20,3.00,3.00,16.6,1.082,0.517,6.00
44000,339,2212,24.1,1.2,3.1,0.2,12.6,0.0,1.40,7.4,1443,882,41.47,18.39,605,895,712,0.1,1.44,1.33,1.44,3.62,4.76,4.70,32.7,1.294,0.526,6.54
44000,7,991,53.2,15.8,9.8,4.3,7.1,2.1,5.44,1.9,716,1193,43.45,42.53,354,318,319,2.2,6.79,2.50,6.50,5.47,6.25,6.91,31.5,1.052,0.645,7.04
44000,292,266,15.8,0.1,0.8,0.8,12.4,0.0,1.02,11.9,185,725,29.89,8.28,45,61,160,0.0,1.02,1.02,1.02,3.59,5.15,5.55,37.7,1.142,0.452,8.00
44000,544,145,41.7,0.8,7.8,2.7,17.3,0.1,1.09,2.4,122,1144,75.62,41.73,46,43,56,0.1,1.05,1.17,1.06,4.84,5.84,5.93,34.9,1.486,0.609,6.43
44000,407,115,23.9,2.7,0.9,0.0,12.7,0.0,1.94,7.5,87,937,49.39,26.41,0,19,96,0.2,1.55,2.13,2.09,3.23,4.46,4.58,41.1,1.273,0.477,6.37
44000,529,86,22.4,0.0,0.7,1.1,16.1,0.0,1.00,7.6,65,1239,63.33,30.90,33,47,6,0.0,1.00,1.00,1.00,3.92,4.94,4.48,28.4,1.311,0.551,6.57
44000,510,69,18.7,0.0,1.9,1.4,12.5,0.0,1.00,11.2,50,833,36.19,10.24,11,20,38,0.0,1.00,1.00,1.00,3.55,3.88,4.96,35.6,1.228,0.593,7.20
44000,570,55,7.3,0.4,0.0,0.0,6.3,0.0,1.22,12.4,23,492,18.05,6.46,11,40,4,0.0,1.21,1.16,1.29,2.04,2.47,3.47,31.0,0.992,0.492,6.05
44000,535,54,13.3,0.2,0.5,1.5,9.4,0.0,1.05,7.1,38,369,24.84,13.31,36,18,0,0.0,1.05,1.07,1.03,3.26,4.54,3.52,25.4,1.230,0.590,5.80
44000,526,51,29.7,0.0,0.6,0.0,24.6,0.0,1.00,4.4,36,856,73.33,62.14,34,17,0,0.0,1.00,1.00,1.00,4.55,5.51,4.92,24.2,1.193,0.462,6.31
44000,467,36,27.0,0.9,0.3,1.9,14.1,0.0,1.28,6.7,19,1093,40.52,18.45,16,19,1,0.0,1.27,1.42,1.23,3.94,6.08,3.47,27.5,1.514,0.643,6.42
44000,530,36,30.6,1.8,2.8,2.6,20.3,0.4,1.31,3.3,30,1293,64.55,19.19,36,0,0,0.4,1.41,1.09,1.38,4.81,5.69,5.44,19.1,1.081,0.540,6.39
44000,557,22,15.6,0.0,0.0,2.9,12.4,0.0,1.00,4.5,16,1002,65.30,33.92,22,0,0,0.0,1.00,1.00,1.00,3.23,4.91,3.50,20.7,1.159,0.549,5.32
44000,564,21,37.2,0.0,0.1,0.0,28.9,0.0,1.00,4.8,19,890,54.64,23.48,0,0,21,0.0,1.00,1.00,1.00,5.19,5.95,5.86,44.3,1.278,0.324,6.95
44000,536,20,32.5,0.0,0.8,0.0,25.9,0.0,1.00,1.8,15,970,74.47,35.88,7,13,0,0.0,1.00,1.00,1.00,3.95,5.30,5.70,25.6,1.191,0.480,5.95
44000,565,19,23.0,0.1,3.1,1.1,11.9,0.0,1.03,8.2,17,966,49.41,15.18,0,14,5,0.1,1.00,1.04,1.07,3.89,4.84,5.47,36.5,1.447,0.714,6.79
44000,539,16,39.9,0.6,10.5,0.0,12.8,0.0,1.10,1.0,10,913,56.28,27.37,16,0,0,0.4,1.03,1.21,1.09,4.56,5.56,5.25,17.9,1.656,0.692,5.62
44000,504,14,36.5,0.0,11.4,0.0,23.6,0.0,1.00,1.7,12,1512,85.79,32.32,4,3,7,0.0,1.00,1.00,1.00,5.29,6.36,6.36,34.0,1.045,0.587,6.79
44000,61,14,25.2,1.2,0.0,1.6,18.2,0.0,1.33,10.7,9,815,40.51,30.95,1,12,1,0.0,1.00,1.55,1.47,4.21,4.86,8.07,31.0,1.178,0.560,9.00
44000,523,13,26.9,0.0,4.1,1.8,13.5,0.0,1.00,0.0,13,1165,74.64,29.51,6,7,0,0.0,1.00,1.00,1.00,3.62,5.00,5.00,25.6,1.441,0.517,5.00
44000,545,13,15.5,0.0,0.2,0.0,23.0,0.0,1.00,5.8,10,542,43.63,18.14,13,0,0,0.0,1.00,1.00,1.00,3.85,4.46,4.77,22.9,0.672,0.569,6.08
44000,561,11,31.6,0.5,0.0,0.2,28.6,0.0,1.23,4.5,10,1399,81.09,22.98,0,1,10,0.0,1.16,1.16,1.77,4.73,5.55,5.82,41.4,1.045,0.550,6.82
44000,425,10,15.5,1.3,0.0,11.7,8.9,0.0,1.28,3.0,7,1835,59.15,41.50,10,0,0,0.0,1.20,1.43,1.24,4.00,5.40,4.70,21.8,0.895,0.395,5.80
44000,562,9,27.0,0.0,0.1,0.0,16.8,0.0,1.00,3.6,9,897,54.76,34.43,9,0,0,0.0,1.00,1.00,1.00,3.11,4.89,4.00,20.1,1.597,0.666,5.33
44000,444,8,39.7,10.0,0.0,1.9,11.5,0.0,4.83,0.0,6,847,50.40,29.90,8,0,0,0.0,6.07,3.82,4.71,4.00,5.00,5.00,20.4,1.219,0.460,5.00
44000,549,7,23.7,0.0,6.4,0.0,8.3,0.0,1.00,2.6,7,1595,58.25,44.71,7,0,0,0.0,1.00,1.00,1.00,3.57,4.57,4.29,13.3,1.597,0.597,5.00
44000,427,6,10.4,0.0,0.0,0.0,7.8,0.0,1.00,7.7,5,436,33.68,15.11,6,0,0,0.0,1.00,1.00,1.00,2.50,4.33,3.83,18.4,1.322,0.561,6.00
44000,369,5,65.8,17.0,3.2,0.0,23.8,0.4,5.32,1.6,5,1585,36.18,2.49,1,4,0,0.4,6.06,5.04,5.07,5.20,7.40,8.20,27.9,1.068,0.586,8.20
45000,339,2321,23.2,1.2,3.1,0.1,12.2,0.1,1.38,7.8,1520,839,39.58,17.60,624,925,772,0.1,1.40,1.31,1.42,3.54,4.68,4.60,33.0,1.284,0.523,6.53
45000,7,1019,55.1,16.2,10.6,3.7,7.4,2.3,5.57,1.7,760,1183,45.89,42.06,350,351,318,2.3,6.97,2.45,6.65,5.64,6.35,6.93,31.5,1.053,0.643,7.04
45000,292,238,14.5,0.1,0.4,0.5,12.0,0.0,1.03,12.4,180,909,33.86,9.37,37,60,141,0.0,1.01,1.07,1.03,3.49,5.36,5.37,37.0,1.120,0.463,8.05
45000,544,161,32.4,0.8,4.7,2.3,14.3,0.1,1.11,5.1,129,985,65.67,33.05,45,46,70,0.1,1.10,1.16,1.08,4.22,5.24,5.20,36.9,1.490,0.597,6.37
45000,526,77,18.5,0.0,0.1,0.0,15.6,0.0,1.00,8.8,51,860,67.24,53.85,46,31,0,0.0,1.00,1.00,1.00,3.17,4.73,3.53,25.0,1.181,0.431,6.31
45000,535,72,15.6,0.1,0.6,0.9,10.9,0.0,1.02,6.9,50,656,33.55,15.77,49,23,0,0.0,1.00,1.06,1.01,3.11,4.81,3.43,25.3,1.275,0.583,5.85
45000,407,60,24.6,2.5,0.6,0.0,13.2,0.0,1.94,6.5,49,1556,66.42,37.56,0,12,48,0.2,1.70,2.06,2.11,3.38,4.72,4.87,41.7,1.308,0.465,6.40
45000,529,57,17.2,0.0,0.1,0.5,12.2,0.0,1.02,10.1,53,776,38.53,21.53,18,35,4,0.0,1.04,1.02,1.01,3.30,4.12,4.05,28.5,1.348,0.490,6.60
45000,577,57,30.8,0.0,6.2,0.6,11.7,0.0,1.00,1.6,47,964,43.88,53.43,7,46,4,0.0,1.00,1.00,1.00,3.65,4.67,4.79,31.9,1.696,0.465,5.14
45000,510,45,16.9,0.0,0.3,1.2,13.5,0.0,1.00,9.0,25,600,23.58,5.92,0,1,44,0.0,1.00,1.00,1.00,3.18,4.16,4.89,42.8,1.179,0.597,6.73
45000,530,37,33.0,1.5,1.7,5.4,22.3,0.2,1.27,3.4,31,1393,84.81,27.81,37,0,0,0.3,1.27,1.15,1.33,4.78,5.41,6.00,18.4,1.097,0.525,6.54
45000,557,33,19.1,0.1,0.2,1.3,16.1,0.0,1.00,4.2,19,339,23.88,13.46,22,11,0,0.0,1.00,1.00,1.00,3.21,4.79,3.88,24.6,1.116,0.524,5.39
45000,570,26,9.6,0.0,0.7,0.0,8.5,0.0,1.00,10.6,20,851,24.47,11.84,5,17,4,0.0,1.00,1.00,1.00,2.46,2.69,3.92,31.2,1.019,0.440,5.96
45000,523,25,13.9,0.0,1.0,0.9,8.3,0.0,1.00,7.1,15,904,64.78,40.74,8,17,0,0.0,1.00,1.00,1.00,2.44,3.40,3.04,27.3,1.362,0.468,5.00
45000,467,23,40.7,1.7,0.2,2.8,19.8,0.0,1.41,3.4,12,1426,68.69,25.48,2,13,8,0.0,1.14,1.80,1.36,4.39,6.35,4.96,32.9,1.635,0.639,6.48
45000,564,23,48.7,0.0,0.1,0.2,38.8,0.0,1.03,3.0,15,660,56.10,29.34,0,2,21,0.0,1.03,1.03,1.02,5.30,6.91,6.70,42.4,1.238,0.333,7.26
45000,539,22,38.1,0.5,9.3,0.0,12.8,0.0,1.08,1.3,16,1375,73.44,40.60,21,1,0,0.3,1.02,1.15,1.07,4.18,5.18,5.41,18.2,1.665,0.694,5.55
45000,536,21,24.1,0.4,0.6,0.0,18.8,0.0,1.10,4.4,20,1105,76.21,32.95,10,11,0,0.2,1.14,1.15,1.06,3.62,4.62,5.19,25.6,1.211,0.477,6.00
45000,579,14,29.8,2.1,1.1,0.0,15.2,0.0,1.63,2.9,10,1324,60.78,34.96,14,0,0,0.1,1.30,1.85,1.70,3.71,4.57,4.57,20.0,1.437,0.668,5.29
45000,425,13,17.4,1.0,0.0,12.5,10.8,0.0,1.21,0.9,8,881,39.43,15.22,13,0,0,0.0,1.15,1.33,1.19,4.15,5.62,5.15,21.4,0.920,0.359,5.62
45000,562,13,28.7,0.0,0.5,0.0,17.4,0.0,1.00,2.8,9,689,47.14,37.38,13,0,0,0.0,1.00,1.00,1.00,3.77,5.23,4.46,19.1,1.584,0.666,5.31
45000,565,11,24.5,0.0,3.5,0.0,13.0,0.0,1.00,11.3,9,1197,38.27,11.94,0,7,4,0.0,1.00,1.00,1.00,3.18,4.27,5.00,36.7,1.468,0.716,7.18
45000,561,10,25.9,3.0,0.6,0.2,18.2,0.0,2.03,5.2,8,808,39.29,9.27,0,0,10,0.0,2.01,1.84,2.67,3.70,4.70,6.10,42.1,1.016,0.569,6.70
45000,504,8,33.9,0.0,6.1,0.0,25.4,0.0,1.00,3.0,6,720,47.24,11.13,2,2,4,0.0,1.00,1.00,1.00,4.38,5.12,6.38,35.7,1.058,0.564,6.38
45000,427,7,11.7,0.0,0.0,0.0,8.9,0.0,1.00,5.7,5,836,36.27,8.18,7,0,0,0.0,1.00,1.00,1.00,2.86,4.71,4.43,19.3,1.322,0.561,6.00
45000,61,6,16.0,0.7,0.0,0.5,12.0,0.0,1.30,19.3,5,1312,72.41,32.21,0,6,0,0.0,1.00,1.52,1.37,3.00,4.33,4.50,32.0,1.176,0.563,9.00
45000,369,5,64.5,17.0,2.6,0.0,23.0,0.2,5.32,1.6,5,2585,48.28,4.17,1,4,0,0.2,6.06,5.04,5.07,5.60,7.40,8.20,27.9,1.068,0.586,8.20
45000,540,5,28.6,0.8,0.0,2.8,25.6,0.0,1.17,4.0,2,517,36.09,7.82,0,5,0,0.0,1.17,1.06,1.24,4.80,5.00,7.00,34.1,1.002,0.618,7.00
46000,339,1372,26.9,1.0,3.5,0.3,13.5,0.1,1.34,6.2,1015,900,47.44,24.21,351,488,533,0.1,1.41,1.19,1.40,3.65,4.58,4.80,34.3,1.397,0.514,6.19
46000,7,1083,53.4,15.8,10.4,3.6,7.1,2.2,5.51,1.9,822,1131,43.92,41.68,387,363,333,2.3,6.81,2.54,6.60,5.49,6.22,6.88,30.9,1.052,0.642,7.01
46000,580,247,43.3,0.8,13.2,0.0,11.8,0.2,1.24,2.4,213,1310,51.99,36.89,119,69,59,0.3,1.30,1.11,1.28,4.40,5.45,5.53,29.2,1.653,0.639,6.08
46000,292,220,13.4,0.1,0.5,0.5,11.0,0.0,1.03,13.2,149,804,29.39,8.04,44,46,130,0.0,1.01,1.06,1.02,3.35,5.42,4.76,37.6,1.117,0.474,7.98
46000,544,168,29.9,0.8,4.2,2.2,13.3,0.1,1.17,5.6,135,1061,60.40,28.91,40,35,93,0.1,1.20,1.17,1.16,3.90,4.86,5.26,38.9,1.485,0.596,6.30
46000,529,81,16.5,0.0,0.1,0.0,12.0,0.0,1.00,10.8,52,529,29.46,15.46,39,29,13,0.0,1.00,1.00,1.00,2.86,4.40,3.99,27.9,1.350,0.455,6.83
46000,535,79,17.3,0.5,0.6,0.2,12.1,0.0,1.11,5.7,50,793,26.91,10.04,45,34,0,0.0,1.04,1.22,1.10,3.43,5.25,3.80,25.5,1.264,0.559,5.91
46000,407,65,18.0,1.2,1.2,0.0,10.3,0.0,1.39,9.0,42,860,37.27,20.46,0,3,62,0.2,1.34,1.43,1.41,2.91,4.35,4.14,43.5,1.304,0.483,6.20
46000,577,48,24.8,0.0,4.8,1.3,9.0,0.0,1.00,4.0,45,1204,65.05,62.20,13,34,1,0.0,1.00,1.00,1.00,3.31,4.04,4.42,28.9,1.701,0.466,5.21
46000,539,37,37.0,0.7,6.6,0.2,14.4,0.1,1.16,1.2,27,775,48.19,34.13,27,10,0,0.2,1.18,1.26,1.12,3.89,5.14,5.14,21.4,1.663,0.678,5.38
46000,530,36,32.5,2.2,2.0,3.5,20.8,0.3,1.52,2.8,30,1084,92.93,36.05,36,0,0,0.3,1.61,1.25,1.65,4.67,5.61,6.14,17.5,1.119,0.555,6.53
46000,526,35,25.7,0.0,1.1,0.0,21.9,0.0,1.00,4.9,23,867,68.88,45.73,18,17,0,0.0,1.00,1.00,1.00,4.14,5.91,4.34,26.1,1.133,0.433,6.34
46000,557,35,21.9,0.7,0.0,2.5,17.0,0.0,1.20,2.9,20,345,19.48,14.94,32,3,0,0.0,1.00,1.32,1.24,3.66,4.86,4.51,21.7,1.101,0.539,5.40
46000,523,30,10.2,0.0,0.4,2.2,5.8,0.0,1.00,8.5,16,954,39.05,21.71,8,22,0,0.0,1.00,1.00,1.00,2.13,3.00,2.77,27.4,1.334,0.459,5.00
46000,564,28,41.6,0.0,0.0,0.0,33.3,0.0,1.00,5.2,23,1001,73.46,39.59,0,4,24,0.0,1.00,1.00,1.00,5.21,5.79,6.36,43.1,1.238,0.322,7.32
46000,510,28,12.9,0.0,0.6,3.8,9.2,0.0,1.00,11.9,22,896,36.71,13.08,0,0,28,0.0,1.00,1.00,1.00,3.07,4.82,4.04,42.1,1.117,0.575,7.14
46000,561,27,11.1,0.1,1.6,0.9,8.6,0.0,1.06,9.8,16,439,14.86,4.22,0,4,23,0.0,1.00,1.19,1.05,2.89,3.67,3.70,44.9,1.026,0.547,6.11
46000,565,26,20.7,0.6,0.0,2.7,13.9,0.0,1.21,4.2,14,505,24.76,16.11,0,4,22,0.0,1.10,1.27,1.24,4.15,5.12,5.04,41.4,1.250,0.664,6.12
46000,425,21,16.0,0.0,1.7,9.4,9.4,0.0,1.00,1.0,16,321,25.57,11.80,21,0,0,0.0,1.00,1.00,1.00,3.76,4.71,5.00,19.6,1.000,0.288,5.10
46000,582,20,26.1,0.4,0.1,0.0,24.4,0.0,1.10,3.4,14,944,40.15,12.09,0,5,15,0.0,1.17,1.00,1.11,3.80,5.05,6.05,43.3,1.034,0.478,6.40
46000,467,18,39.0,2.2,0.1,2.4,18.1,0.0,1.53,2.6,7,1019,51.99,18.82,1,11,6,0.0,1.11,2.11,1.46,4.22,6.06,5.28,34.3,1.624,0.642,6.28
46000,504,14,36.4,0.0,3.9,0.0,28.4,0.0,1.00,4.0,13,788,45.45,22.10,1,3,10,0.0,1.00,1.00,1.00,5.00,5.86,5.57,38.0,1.113,0.533,6.71
46000,562,13,28.9,0.0,0.5,0.0,17.2,0.0,1.00,5.4,11,1329,63.44,46.06,13,0,0,0.0,1.00,1.00,1.00,3.23,4.54,4.15,19.0,1.562,0.659,5.62
46000,579,13,25.1,1.5,0.5,0.0,14.2,0.0,1.33,3.7,9,768,31.69,23.19,13,0,0,0.0,1.42,1.42,1.24,3.31,4.46,4.31,21.0,1.441,0.647,5.31
46000,570,12,27.5,0.0,8.5,0.0,18.7,0.0,1.00,6.3,8,393,22.38,1.71,7,5,0,0.0,1.00,1.00,1.00,4.50,5.33,7.00,24.7,0.982,0.495,7.75
46000,585,11,22.8,0.0,2.3,0.4,16.4,0.0,1.00,7.8,9,879,42.68,10.00,0,0,11,0.0,1.00,1.00,1.00,3.36,5.00,5.82,47.2,1.213,0.487,7.27
46000,427,6,9.7,0.0,0.0,0.0,7.3,0.0,1.00,8.7,5,1596,79.52,15.57,6,0,0,0.0,1.00,1.00,1.00,2.33,3.83,3.83,18.4,1.340,0.550,6.00
47000,339,1870,24.8,1.3,2.6,0.2,13.5,0.0,1.42,7.2,1318,903,44.45,21.04,512,757,601,0.1,1.45,1.32,1.48,3.64,4.84,4.66,32.4,1.298,0.522,6.50
47000,7,1138,54.0,15.6,10.6,3.6,7.7,2.3,5.47,1.8,884,1163,44.86,40.68,426,383,329,2.3,6.74,2.52,6.55,5.59,6.30,6.92,30.6,1.054,0.643,7.03
47000,580,371,43.6,0.7,12.2,0.0,12.7,0.1,1.21,2.5,309,776,34.19,33.65,122,113,136,0.2,1.25,1.10,1.26,4.29,5.29,5.53,33.4,1.671,0.612,5.97
47000,292,150,10.4,0.0,0.2,0.4,8.8,0.0,1.04,15.8,103,804,27.60,6.88,27,40,83,0.0,1.05,1.06,1.03,2.75,4.65,3.85,37.6,1.105,0.482,7.92
47000,544,139,37.1,0.9,4.5,1.3,18.1,0.1,1.19,4.0,116,1246,77.54,33.94,43,42,54,0.1,1.21,1.21,1.18,4.40,5.27,5.56,34.2,1.486,0.607,6.29
47000,530,63,19.9,1.3,1.1,1.8,13.3,0.2,1.34,7.2,44,1013,80.90,25.78,63,0,0,0.3,1.43,1.16,1.41,3.63,4.81,4.65,16.7,1.096,0.563,6.46
47000,407,62,17.9,0.0,0.6,0.0,12.5,0.0,1.01,8.9,35,666,28.46,17.55,0,0,62,0.0,1.01,1.01,1.01,2.82,4.35,4.32,44.0,1.360,0.463,6.37
47000,535,56,13.2,0.2,0.3,0.3,10.1,0.0,1.05,7.6,48,932,37.77,15.30,39,17,0,0.1,1.00,1.10,1.04,3.16,4.43,3.48,24.8,1.210,0.574,5.82
47000,529,41,19.8,0.0,0.2,0.0,14.2,0.0,1.00,10.1,31,1017,45.05,23.80,8,30,3,0.0,1.00,1.00,1.00,3.44,5.07,3.98,29.5,1.352,0.476,7.05
47000,585,37,9.9,0.0,0.2,0.0,7.5,0.0,1.00,16.2,25,477,27.50,14.91,0,12,25,0.0,1.00,1.00,1.00,2.19,3.14,2.78,41.8,1.278,0.462,6.97
47000,592,35,8.7,0.0,0.0,0.0,9.2,0.0,1.00,19.7,23,711,25.26,12.23,31,3,1,0.0,1.00,1.00,1.00,3.06,5.83,3.49,18.0,0.942,0.414,8.97
47000,564,35,36.8,0.0,0.0,0.0,29.4,0.0,1.00,7.4,32,822,66.05,36.33,0,8,27,0.0,1.00,1.00,1.00,4.89,5.46,5.34,42.4,1.257,0.311,7.26
47000,539,34,36.4,1.5,5.1,0.8,14.3,0.1,1.54,1.5,28,1075,71.80,35.03,25,9,0,0.2,1.62,1.80,1.40,3.91,5.03,5.09,22.4,1.617,0.657,5.41
47000,582,34,23.9,1.6,0.0,0.0,18.2,0.0,1.59,4.9,18,622,35.12,29.15,0,24,10,0.0,1.76,1.29,1.71,4.18,4.21,5.50,35.8,1.111,0.401,6.09
47000,565,29,19.4,0.7,0.0,2.1,13.1,0.0,1.16,4.8,21,913,33.62,15.17,0,4,25,0.0,1.03,1.25,1.18,4.14,5.07,5.00,41.3,1.243,0.656,6.14
47000,425,28,15.5,0.0,0.9,8.0,10.4,0.0,1.00,2.6,19,820,57.05,38.40,28,0,0,0.0,1.00,1.00,1.00,3.46,4.43,4.75,20.2,1.006,0.289,5.21
47000,577,25,26.4,0.0,5.4,1.5,9.3,0.0,1.00,3.4,24,1427,74.21,65.62,16,9,0,0.0,1.00,1.00,1.00,3.56,4.32,4.64,22.5,1.706,0.464,5.32
47000,504,17,23.8,0.0,1.5,0.0,19.2,0.0,1.00,6.9,15,723,36.94,17.06,0,2,15,0.0,1.00,1.00,1.00,3.76,4.59,4.53,42.6,1.155,0.515,6.29
47000,510,16,20.2,0.0,2.5,0.2,14.8,0.0,1.00,9.5,15,571,28.45,13.69,0,0,16,0.0,1.00,1.00,1.00,3.06,4.31,4.81,43.5,1.191,0.614,6.94
47000,523,14,13.4,0.0,0.9,3.7,6.8,0.0,1.00,6.4,12,2053,70.47,34.95,6,8,0,0.0,1.00,1.00,1.00,2.93,3.43,3.36,25.7,1.360,0.471,5.00
47000,557,13,23.6,1.8,0.1,2.3,16.3,0.0,1.59,2.8,12,1224,47.85,20.24,12,1,0,0.0,1.08,1.86,1.69,3.85,4.69,4.85,21.3,1.112,0.546,5.46
47000,526,12,23.4,0.0,0.0,0.0,20.7,0.0,1.00,6.2,8,1241,106.71,57.32,8,4,0,0.0,1.00,1.00,1.00,4.25,5.42,3.83,25.3,1.114,0.427,6.17
47000,579,11,24.7,1.0,1.3,0.0,13.4,0.0,1.20,3.1,11,1449,49.32,24.65,11,0,0,0.0,1.27,1.23,1.19,3.45,4.45,4.36,20.8,1.475,0.666,5.18
47000,562,9,24.3,0.0,0.3,0.0,15.2,0.0,1.00,6.0,7,1334,35.89,31.62,9,0,0,0.0,1.00,1.00,1.00,3.67,4.11,4.44,18.6,1.521,0.669,5.78
47000,467,7,38.9,3.4,0.0,3.6,14.7,0.0,1.82,3.4,5,2389,100.42,27.92,0,4,3,0.0,1.17,2.71,1.71,4.00,5.86,5.29,36.0,1.661,0.651,6.43
47000,561,6,7.0,0.0,1.0,1.0,5.3,0.0,1.00,11.3,6,1405,46.40,8.72,0,0,6,0.0,1.00,1.00,1.00,2.17,3.00,3.50,43.7,1.023,0.555,6.00
47000,427,5,16.0,0.0,0.0,0.0,11.8,0.0,1.00,1.6,3,1052,39.36,24.51,5,0,0,0.0,1.00,1.00,1.00,3.20,6.00,5.20,18.0,1.345,0.569,6.00
47000,590,5,24.0,0.0,1.0,0.8,19.4,0.0,1.00,1.6,5,1585,91.52,22.80,0,5,0,0.0,1.00,1.00,1.00,3.80,4.80,5.20,33.6,1.159,0.416,5.40
48000,339,1306,23.7,1.6,1.8,0.1,12.8,0.1,1.49,8.0,886,975,45.21,20.04,367,585,354,0.1,1.56,1.39,1.54,3.48,4.67,4.45,31.6,1.302,0.534,6.51
48000,7,1113,52.8,15.4,9.9,3.4,7.7,2.1,5.49,2.0,876,1273,45.99,42.50,386,372,355,2.2,6.65,2.64,6.62,5.48,6.22,6.88,31.6,1.056,0.642,7.02
48000,580,824,31.8,0.6,9.0,0.0,7.5,0.1,1.20,2.6,600,502,20.69,24.49,191,287,346,0.1,1.21,1.15,1.22,3.22,4.26,4.44,34.9,1.835,0.534,4.98
48000,544,159,27.3,0.5,2.9,0.6,14.1,0.1,1.15,6.5,122,894,62.21,32.94,54,39,66,0.1,1.13,1.18,1.16,3.67,4.62,4.70,34.0,1.518,0.606,6.14
48000,292,146,13.3,0.0,0.5,1.6,10.6,0.0,1.00,13.0,103,705,27.24,6.25,0,41,105,0.0,1.01,1.00,1.00,3.46,5.71,4.36,40.8,1.110,0.447,8.00
48000,535,144,16.9,0.1,0.9,0.5,12.2,0.0,1.02,6.6,90,557,24.70,12.31,101,43,0,0.0,1.00,1.02,1.03,3.20,5.21,3.67,24.7,1.230,0.536,6.06
48000,601,94,22.6,0.0,0.4,0.9,14.3,0.0,1.00,5.5,59,557,27.93,14.57,58,32,4,0.0,1.00,1.00,1.00,3.47,5.27,4.56,23.5,1.463,0.515,6.19
48000,602,50,16.5,0.0,0.0,1.2,10.3,0.0,1.00,11.1,30,668,26.52,9.67,49,1,0,0.0,1.00,1.00,1.00,2.78,4.54,3.76,11.7,1.500,0.558,6.90
48000,529,47,15.2,0.0,0.5,0.0,11.5,0.0,1.00,14.7,23,622,26.95,7.39,0,38,9,0.0,1.00,1.00,1.00,3.02,5.91,2.62,35.8,1.245,0.522,7.89
48000,592,40,10.0,0.0,0.0,0.0,10.6,0.0,1.00,19.1,22,467,19.19,4.77,35,4,1,0.0,1.00,1.00,1.00,3.38,6.62,3.85,16.8,0.945,0.430,9.23
48000,604,39,13.1,0.0,0.0,0.0,11.7,0.0,1.00,9.9,31,518,28.97,16.23,31,8,0,0.0,1.00,1.00,1.00,3.05,4.62,4.46,20.3,1.134,0.489,6.82
48000,603,36,23.1,0.0,0.2,5.8,22.9,0.0,1.00,4.0,24,700,43.59,8.93,11,25,0,0.0,1.00,1.00,1.00,5.25,5.92,7.00,27.9,0.873,0.481,7.39
48000,609,34,18.2,1.1,4.2,0.0,7.4,0.0,1.39,5.9,31,1073,63.07,30.97,0,28,6,0.1,1.47,1.41,1.35,3.35,4.76,5.06,36.3,1.312,0.579,6.24
48000,407,34,15.1,0.0,0.0,0.0,11.8,0.0,1.00,8.4,17,708,31.57,24.47,0,0,34,0.0,1.00,1.00,1.00,2.68,3.59,4.44,44.5,1.269,0.528,6.12
48000,539,30,23.4,2.1,2.5,0.6,8.1,0.0,1.84,5.1,28,1595,97.75,45.90,23,7,0,0.0,1.89,2.24,1.66,3.10,4.47,3.73,22.1,1.586,0.633,5.37
48000,530,29,26.3,1.7,1.1,3.8,16.8,0.2,1.66,4.7,25,1381,101.63,30.44,29,0,0,0.2,1.75,1.33,1.83,4.07,5.10,5.66,16.1,1.133,0.549,6.41
48000,523,27,4.5,0.0,0.0,0.4,3.2,0.0,1.00,14.6,12,710,19.00,5.98,6,21,0,0.0,1.00,1.00,1.00,1.78,1.93,1.89,27.7,1.311,0.469,5.56
48000,612,23,16.5,0.0,0.9,7.5,8.8,0.0,1.00,4.9,15,1046,40.48,5.96,23,0,0,0.0,1.00,1.00,1.00,3.48,5.91,4.17,10.5,1.219,0.449,6.09
48000,564,22,12.7,0.6,0.1,0.0,7.5,0.0,1.19,13.4,13,329,20.61,11.48,0,1,21,0.0,1.17,1.27,1.16,2.50,2.73,3.73,47.7,1.449,0.333,6.36
48000,565,21,19.0,1.5,0.0,1.3,11.6,0.0,1.62,6.0,19,1212,41.01,10.58,0,9,12,0.0,1.21,1.87,1.72,3.62,5.43,5.00,39.9,1.253,0.659,6.33
48000,510,20,38.3,0.0,0.4,8.9,25.5,0.0,1.00,4.7,14,427,26.32,8.68,0,0,20,0.0,1.00,1.00,1.00,5.05,6.55,6.65,45.7,1.247,0.639,7.65
48000,607,19,28.8,1.4,0.0,1.3,19.6,0.0,1.45,4.5,16,870,74.36,35.89,0,13,6,0.0,1.56,1.29,1.48,4.26,5.63,5.05,36.2,1.281,0.561,6.42
48000,425,18,17.2,0.0,1.2,9.7,10.9,0.0,1.00,0.7,13,1968,92.17,61.27,18,0,0,0.0,1.00,1.00,1.00,3.67,4.89,5.06,20.0,1.011,0.282,5.11
48000,577,17,32.5,0.0,5.8,0.0,13.0,0.0,1.00,0.8,12,856,44.30,46.17,0,17,0,0.0,1.00,1.00,1.00,3.35,4.76,4.82,34.6,1.723,0.648,5.00
48000,582,16,20.4,2.3,0.0,0.0,13.9,0.0,1.70,8.6,14,1446,79.23,60.36,0,7,9,0.0,2.01,1.27,1.77,3.56,3.88,5.00,38.9,1.074,0.456,6.50
48000,504,16,20.3,0.0,0.4,0.0,16.8,0.0,1.00,8.1,15,832,41.14,10.70,0,2,14,0.0,1.00,1.00,1.00,3.56,4.56,4.25,41.9,1.197,0.506,6.44
48000,585,13,8.5,0.0,0.8,0.0,5.8,0.0,1.00,16.9,12,504,23.77,9.60,0,9,4,0.0,1.00,1.00,1.00,2.08,3.38,2.54,36.4,1.288,0.481,7.15
48000,526,12,26.3,0.0,0.0,0.0,22.8,0.0,1.00,6.0,11,1306,177.01,59.15,3,9,0,0.0,1.00,1.00,1.00,3.83,4.50,4.83,29.2,1.157,0.457,6.17
48000,562,9,32.9,0.0,0.0,0.0,23.2,0.0,1.00,2.2,7,833,36.55,16.99,9,0,0,0.0,1.00,1.00,1.00,5.22,5.67,5.44,20.1,1.427,0.646,6.11
48000,579,7,19.2,0.9,0.0,0.0,11.4,0.0,1.25,4.3,7,1784,47.95,7.68,7,0,0,0.0,1.31,1.24,1.28,2.86,3.71,4.14,21.8,1.459,0.669,5.00
48000,605,7,19.5,0.0,0.0,7.0,16.0,0.0,1.00,4.9,7,1620,50.02,23.59,0,7,0,0.0,1.00,1.00,1.00,3.71,5.57,4.57,31.4,1.007,0.560,6.29
48000,557,7,28.1,2.0,0.0,1.7,19.9,0.0,1.54,1.7,7,1672,80.82,16.50,7,0,0,0.0,1.00,1.86,1.64,4.00,5.00,5.00,21.3,1.146,0.545,5.43
48000,614,6,18.4,0.0,5.2,0.0,5.2,0.0,1.00,4.0,6,1421,81.07,51.56,0,6,0,0.0,1.00,1.00,1.00,3.33,4.50,3.50,31.0,1.781,0.578,5.00
48000,590,6,17.5,0.0,1.7,1.8,13.8,0.0,1.00,4.0,6,562,36.99,17.81,0,6,0,0.0,1.00,1.00,1.00,3.67,4.83,4.50,33.9,1.094,0.373,5.67
48000,583,5,17.3,0.0,2.8,0.0,13.0,0.0,1.00,4.4,5,1552,151.00,148.68,5,0,0,0.0,1.00,1.00,1.00,3.20,4.00,4.20,13.3,1.100,0.382,5.20
48000,427,5,20.7,0.0,2.4,1.6,12.8,0.0,1.00,1.6,3,941,44.02,43.34,5,0,0,0.0,1.00,1.00,1.00,3.40,5.80,5.40,19.0,1.305,0.586,6.00
49000,339,1192,21.6,1.3,1.5,0.1,12.2,0.1,1.42,8.7,781,856,41.02,18.65,348,581,263,0.1,1.48,1.30,1.48,3.38,4.53,4.30,30.5,1.300,0.531,6.54
49000,580,1081,27.7,0.4,7.6,0.0,6.4,0.1,1.13,2.1,704,511,18.61,23.73,303,348,430,0.1,1.14,1.10,1.14,2.89,3.91,4.11,34.1,1.899,0.484,4.50
49000,7,1039,51.7,15.2,9.5,3.3,7.4,2.1,5.42,2.2,837,1232,45.49,41.91,393,344,302,2.2,6.54,2.71,6.56,5.35,6.16,6.86,30.6,1.057,0.643,7.03
49000,292,195,13.4,0.0,0.5,1.1,10.7,0.0,1.00,13.5,129,705,26.77,7.91,2,71,122,0.0,1.00,1.00,1.00,3.36,5.42,4.33,40.5,1.131,0.449,7.93
49000,601,114,17.8,0.0,0.7,2.1,10.8,0.0,1.00,5.7,74,669,35.49,13.54,79,30,5,0.0,1.00,1.00,1.00,3.31,5.24,4.12,22.6,1.419,0.541,6.05
49000,562,60,12.8,0.0,0.2,0.4,8.5,0.0,1.00,11.2,27,367,23.01,9.33,60,0,0,0.0,1.00,1.00,1.00,2.67,4.13,3.35,18.3,1.432,0.663,6.42
49000,535,59,16.2,0.0,0.8,0.1,12.4,0.0,1.00,8.9,35,486,22.93,17.33,37,22,0,0.0,1.00,1.00,1.00,3.08,5.49,3.12,23.1,1.226,0.520,6.49
49000,529,52,10.9,0.0,0.2,0.0,8.6,0.0,1.00,18.1,35,524,20.79,9.83,0,27,25,0.0,1.00,1.00,1.00,2.58,4.73,2.44,37.6,1.214,0.524,8.10
49000,544,44,33.7,1.5,5.1,0.8,13.8,0.1,1.39,6.5,42,1367,70.58,34.34,27,10,7,0.1,1.14,1.58,1.42,4.36,5.25,5.61,25.8,1.521,0.608,6.73
49000,510,41,24.2,0.0,0.3,5.5,16.5,0.0,1.00,9.0,31,626,39.62,13.55,0,0,41,0.0,1.00,1.00,1.00,3.71,5.07,5.24,46.8,1.231,0.612,7.32
49000,539,39,24.9,2.6,2.1,0.5,8.5,0.0,2.17,4.7,33,1074,46.76,25.66,36,2,1,0.0,2.29,2.72,1.88,3.00,4.28,3.85,20.7,1.519,0.612,5.21
49000,526,39,22.3,0.0,0.7,0.0,17.5,0.0,1.00,5.8,28,831,80.48,39.78,31,8,0,0.0,1.00,1.00,1.00,3.10,4.44,4.10,22.6,1.217,0.530,5.72
49000,619,38,18.5,0.0,0.2,0.8,13.4,0.0,1.00,9.9,25,558,23.41,7.32,22,16,0,0.0,1.00,1.00,1.00,3.50,3.87,4.92,24.5,1.321,0.585,6.87
49000,603,37,24.3,0.0,0.6,6.6,22.8,0.0,1.00,4.3,28,1025,54.50,15.09,6,31,0,0.0,1.00,1.00,1.00,5.24,5.76,7.16,29.3,0.896,0.489,7.43
49000,407,36,14.0,0.0,0.0,0.1,11.1,0.0,1.00,9.1,21,649,29.33,14.54,0,0,36,0.0,1.00,1.00,1.00,2.97,3.78,4.44,42.0,1.257,0.518,6.33
49000,618,35,12.8,0.0,0.7,0.0,9.5,0.0,1.00,21.5,23,664,33.56,14.53,0,34,1,0.0,1.00,1.00,1.00,2.26,2.11,4.97,32.1,1.242,0.421,8.86
49000,592,34,4.6,0.0,0.0,0.0,4.8,0.0,1.00,27.2,26,613,21.40,8.40,25,9,0,0.0,1.00,1.00,1.00,1.76,2.74,2.74,19.6,0.954,0.429,9.32
49000,609,34,17.1,0.9,4.4,0.1,6.4,0.1,1.35,5.9,33,1120,52.27,27.62,0,26,8,0.2,1.24,1.38,1.40,3.35,4.71,4.85,36.7,1.330,0.570,6.12
49000,630,31,12.3,0.0,1.3,0.0,9.6,0.0,1.00,5.9,17,561,21.30,5.72,0,0,31,0.0,1.00,1.00,1.00,3.84,4.97,5.26,50.9,1.134,0.476,6.03
49000,604,30,11.3,0.0,0.0,0.0,9.6,0.0,1.01,11.6,26,489,23.18,4.43,21,9,0,0.0,1.00,1.01,1.01,2.63,3.93,4.30,22.2,1.161,0.440,6.97
49000,602,29,14.3,0.0,0.0,0.1,9.8,0.0,1.00,14.4,12,455,21.67,7.33,29,0,0,0.0,1.00,1.00,1.00,2.86,4.24,3.52,11.8,1.412,0.575,7.45
49000,635,26,9.6,0.0,0.0,0.0,7.4,0.0,1.00,12.8,17,807,27.35,16.39,25,1,0,0.0,1.00,1.00,1.00,2.46,4.19,2.31,5.6,1.282,0.532,6.46
49000,629,25,19.5,0.0,0.0,0.2,13.8,0.0,1.00,5.8,19,563,24.60,9.89,24,1,0,0.0,1.00,1.00,1.00,3.36,5.76,5.24,22.1,1.381,0.417,6.84
49000,565,20,14.5,1.9,0.0,0.2,7.7,0.0,1.79,7.6,10,632,30.24,14.45,0,2,18,0.0,1.28,2.61,1.75,3.20,5.30,3.95,42.1,1.244,0.641,6.20
49000,582,18,20.7,1.3,0.0,0.0,16.1,0.0,1.43,8.9,14,1128,47.61,30.98,0,8,10,0.0,1.65,1.21,1.44,3.89,3.83,4.61,40.3,1.110,0.496,6.39
49000,633,17,16.2,1.5,0.1,0.2,9.2,0.0,1.49,8.7,16,1457,55.26,23.49,14,2,1,0.0,1.64,1.22,1.55,3.24,4.00,3.82,20.3,1.281,0.388,5.88
49000,623,17,13.5,0.0,1.4,0.0,10.7,0.0,1.00,4.5,16,1034,52.89,38.43,0,11,6,0.0,1.00,1.00,1.00,3.06,3.65,4.59,35.5,1.106,0.598,5.12
49000,590,15,15.3,0.0,0.1,0.5,14.1,0.0,1.00,7.9,13,643,43.04,20.66,0,15,0,0.0,1.00,1.00,1.00,3.00,3.60,3.67,32.0,1.035,0.393,5.60
49000,585,13,13.3,0.8,0.8,0.0,7.7,0.0,1.44,12.8,11,730,33.01,16.56,0,1,12,0.3,1.12,1.54,1.62,2.62,3.62,3.23,46.1,1.331,0.490,6.62
49000,612,12,15.8,0.0,0.0,9.8,7.7,0.0,1.00,6.5,10,1273,58.34,14.12,12,0,0,0.0,1.00,1.00,1.00,3.25,4.42,4.33,10.5,1.241,0.422,6.00
49000,504,12,33.4,0.0,0.0,0.0,27.8,0.0,1.00,5.2,8,1196,36.69,6.70,0,4,8,0.0,1.00,1.00,1.00,3.58,5.00,5.58,40.0,1.215,0.515,6.58
49000,557,11,32.0,6.1,0.0,2.7,14.9,0.0,2.73,0.7,10,939,37.70,20.29,9,2,0,0.0,1.38,3.75,2.90,3.64,5.45,5.09,22.7,1.151,0.551,5.45
49000,425,11,21.3,0.0,0.0,7.5,16.5,0.0,1.00,0.5,6,439,27.39,14.30,11,0,0,0.0,1.00,1.00,1.00,4.09,4.82,5.09,19.9,1.049,0.286,5.09
49000,530,10,23.4,0.2,0.2,8.6,16.0,0.0,1.04,4.8,10,1508,180.45,52.23,10,0,0,0.0,1.05,1.00,1.05,4.10,5.80,4.80,16.7,1.126,0.469,6.50
49000,607,9,26.0,3.0,0.0,1.1,15.1,0.0,2.15,3.8,9,1373,85.59,47.01,0,7,2,0.0,2.17,1.95,2.24,3.67,5.44,5.33,34.9,1.260,0.556,6.11
49000,617,9,28.2,0.0,0.0,1.3,23.0,0.0,1.00,4.2,8,1243,76.79,55.40,8,1,0,0.0,1.00,1.00,1.00,3.78,4.89,5.44,22.4,1.191,0.636,6.22
49000,577,9,30.7,0.0,6.2,0.0,11.3,0.0,1.00,0.7,8,1817,66.76,50.41,0,9,0,0.0,1.00,1.00,1.00,3.22,4.78,4.89,35.6,1.742,0.628,5.00
49000,523,7,5.0,0.0,0.0,0.0,3.7,0.0,1.00,14.0,3,1264,28.20,14.60,2,5,0,0.0,1.00,1.00,1.00,1.43,1.86,2.00,27.6,1.334,0.455,5.43
49000,570,6,54.5,3.8,21.0,0.0,19.5,1.0,1.89,0.0,6,217,15.27,9.50,3,3,0,1.0,2.27,1.00,2.15,6.50,7.50,7.50,27.2,1.136,0.519,7.50
50000,580,1289,28.2,0.3,6.7,0.0,7.5,0.0,1.11,2.1,878,626,20.98,22.76,406,447,436,0.1,1.12,1.09,1.13,2.92,3.89,4.08,32.3,1.911,0.494,4.50
50000,7,994,51.5,15.0,9.6,3.4,7.4,2.1,5.34,2.2,797,1233,44.35,43.92,401,301,292,2.2,6.45,2.70,6.46,5.37,6.15,6.87,30.1,1.059,0.641,7.03
50000,339,599,15.8,0.8,0.7,0.2,11.3,0.0,1.26,11.6,361,670,31.52,12.52,215,244,140,0.0,1.23,1.24,1.31,3.00,4.21,4.30,29.5,1.120,0.519,7.09
50000,601,132,13.6,0.0,0.4,1.6,8.5,0.0,1.01,8.2,74,724,30.48,10.52,77,52,3,0.0,1.01,1.01,1.00,2.92,4.40,3.57,24.4,1.379,0.516,5.99
50000,292,116,16.1,0.2,0.6,1.5,13.3,0.0,1.04,12.0,86,708,30.87,13.95,0,45,71,0.0,1.03,1.06,1.03,3.72,5.79,4.99,41.7,1.070,0.467,8.16
50000,602,51,20.5,0.0,0.0,1.5,13.0,0.0,1.00,9.1,32,587,25.53,7.71,51,0,0,0.0,1.00,1.00,1.00,3.20,5.45,3.88,13.6,1.473,0.567,6.88
50000,539,45,18.8,1.8,1.3,0.0,7.4,0.0,1.88,6.8,32,800,37.21,24.08,45,0,0,0.0,1.98,2.20,1.72,2.53,3.71,3.40,18.6,1.443,0.564,5.18
50000,604,39,11.6,0.1,0.0,0.0,10.0,0.0,1.02,14.9,34,509,23.98,8.64,21,4,14,0.0,1.02,1.03,1.02,2.59,3.62,4.26,28.0,1.156,0.464,7.62
50000,535,38,14.4,0.0,1.1,0.2,10.5,0.0,1.00,10.5,25,816,33.21,24.98,29,9,0,0.0,1.00,1.00,1.00,2.55,4.34,3.08,22.8,1.255,0.527,6.32
50000,562,37,10.9,0.0,0.2,0.7,7.2,0.0,1.00,12.7,26,918,41.61,22.45,37,0,0,0.0,1.00,1.00,1.00,2.46,3.73,3.22,18.3,1.428,0.668,6.41
50000,629,37,26.1,0.0,0.0,0.0,17.9,0.0,1.00,6.6,24,632,27.17,15.16,35,2,0,0.0,1.00,1.00,1.00,4.43,4.89,4.81,21.3,1.425,0.378,6.46
50000,609,33,17.2,0.8,4.8,0.2,6.4,0.1,1.30,5.2,29,1323,52.59,17.30,0,28,5,0.2,1.22,1.33,1.36,3.64,4.52,5.39,36.6,1.311,0.566,6.09
50000,603,29,18.8,0.2,0.0,2.0,20.6,0.0,1.05,9.4,27,640,41.45,8.40,9,20,0,0.0,1.08,1.01,1.06,4.21,5.66,6.24,27.4,0.846,0.520,8.28
50000,618,28,12.7,0.0,0.4,0.0,9.5,0.0,1.00,23.4,21,777,39.49,15.28,1,27,0,0.0,1.00,1.00,1.00,2.57,2.50,4.68,32.4,1.259,0.428,9.29
50000,644,26,8.8,0.0,0.1,0.4,8.5,0.0,1.00,13.2,13,520,33.90,8.79,0,22,4,0.0,1.00,1.00,1.00,3.19,3.19,5.77,35.4,0.987,0.550,7.04
50000,510,26,19.7,0.5,0.0,3.0,13.3,0.0,1.09,11.5,19,1018,44.44,10.40,0,0,26,0.0,1.00,1.15,1.09,3.12,3.85,4.96,44.9,1.211,0.609,7.15
50000,529,22,19.2,0.0,1.0,0.0,14.0,0.0,1.00,13.0,19,957,38.28,10.67,0,10,12,0.0,1.00,1.00,1.00,3.27,5.68,3.41,38.1,1.241,0.512,7.73
50000,638,20,49.1,0.0,7.9,0.1,18.8,0.0,1.00,2.2,19,1120,143.58,132.68,4,16,0,0.0,1.00,1.00,1.00,5.05,5.95,5.35,29.5,1.833,0.673,6.20
50000,565,20,14.1,1.9,0.0,0.4,7.2,0.0,1.80,7.7,15,1294,53.85,21.53,0,4,16,0.0,1.42,2.47,1.74,3.45,5.25,4.00,40.7,1.267,0.649,6.15
50000,623,18,10.7,0.0,0.9,0.0,8.8,0.0,1.00,5.6,10,961,52.41,29.10,1,1,16,0.0,1.00,1.00,1.00,2.44,3.17,4.28,38.4,1.099,0.601,5.11
50000,635,18,14.2,0.0,0.0,0.0,11.3,0.0,1.00,10.9,17,892,36.25,18.88,18,0,0,0.0,1.00,1.00,1.00,2.94,5.17,2.72,5.1,1.250,0.528,6.67
50000,630,18,9.8,0.0,0.7,0.0,7.9,0.0,1.00,9.0,16,947,27.75,8.87,0,0,18,0.0,1.00,1.00,1.00,3.72,4.28,4.78,49.3,1.139,0.465,6.06
50000,526,13,15.0,0.0,0.0,0.0,12.4,0.0,1.00,6.0,8,1051,127.23,70.83,13,0,0,0.0,1.00,1.00,1.00,2.38,4.23,3.08,19.1,1.189,0.573,5.15
50000,590,13,13.7,0.0,0.0,0.1,12.8,0.0,1.00,7.7,12,493,32.07,40.02,1,12,0,0.0,1.00,1.00,1.00,2.69,3.77,3.69,30.4,1.049,0.434,5.62
50000,582,13,33.5,0.0,0.0,0.0,31.2,0.0,1.00,4.6,9,324,40.18,20.91,4,8,1,0.0,1.00,1.00,1.00,4.69,6.00,5.23,29.9,1.064,0.451,6.77
50000,619,12,16.2,0.0,0.0,0.0,12.2,0.0,1.00,12.2,10,1396,51.91,11.36,7,5,0,0.0,1.00,1.00,1.00,3.00,3.50,4.25,24.3,1.323,0.594,6.92
50000,407,12,25.4,1.0,0.0,0.0,18.0,0.0,1.20,3.5,9,990,35.18,10.70,0,3,9,0.0,1.00,1.36,1.22,3.75,4.75,6.00,40.2,1.250,0.513,6.25
50000,544,11,33.7,0.0,9.0,4.5,12.8,0.0,1.00,4.5,11,951,38.74,15.65,6,0,5,0.0,1.00,1.00,1.00,4.73,5.73,5.91,28.2,1.398,0.566,6.64
50000,530,10,30.3,0.2,0.0,7.4,23.4,0.0,1.00,4.2,9,1378,150.07,50.46,10,0,0,0.0,1.00,1.00,1.00,4.80,5.40,6.00,18.2,1.096,0.433,6.70
50000,633,10,19.7,0.8,0.8,0.7,12.1,0.0,1.24,4.8,9,1072,74.22,45.22,7,3,0,0.0,1.35,1.00,1.30,3.80,4.80,4.50,22.9,1.301,0.370,5.70
50000,504,8,7.8,0.0,0.0,0.0,6.5,0.0,1.00,13.8,8,1226,30.14,4.68,0,3,5,0.0,1.00,1.00,1.00,2.00,3.00,3.88,38.1,1.210,0.543,6.75
50000,605,8,30.5,0.0,0.0,1.2,31.2,0.0,1.00,2.0,7,657,67.29,39.32,0,8,0,0.0,1.00,1.00,1.00,5.62,6.12,5.38,29.4,0.957,0.540,6.25
50000,612,7,12.6,0.0,0.0,6.6,6.9,0.0,1.00,6.0,5,1288,57.36,12.34,7,0,0,0.0,1.00,1.00,1.00,3.14,4.71,4.43,9.6,1.239,0.409,6.00
50000,573,7,13.5,0.0,0.0,0.0,11.7,0.0,1.00,7.7,6,471,14.32,28.12,7,0,0,0.0,1.00,1.00,1.00,3.00,2.71,5.14,17.2,1.151,0.622,5.86
50000,577,6,30.6,0.0,5.5,0.0,11.8,0.0,1.00,1.0,5,2593,64.48,68.09,0,6,0,0.0,1.00,1.00,1.00,3.33,4.67,4.83,35.5,1.756,0.639,5.00
50000,617,6,31.0,0.0,0.0,0.5,25.8,0.0,1.00,2.3,6,1404,98.59,63.13,6,0,0,0.0,1.00,1.00,1.00,4.33,4.83,5.67,21.9,1.189,0.661,5.83
50000,639,6,17.7,0.0,0.0,0.5,12.2,0.0,1.00,13.3,5,1656,29.40,16.58,0,0,6,0.0,1.00,1.00,1.00,3.50,3.83,4.50,43.3,1.420,0.586,7.50
50000,427,5,9.1,0.0,0.6,0.0,6.4,0.0,1.00,9.2,5,1781,98.88,20.99,5,0,0,0.0,1.00,1.00,1.00,2.40,4.80,2.60,19.9,1.302,0.589,6.00
50000,557,5,40.2,12.6,0.0,2.2,11.6,0.0,4.97,0.0,4,1381,46.01,31.52,3,2,0,0.0,2.16,7.04,5.34,4.00,5.40,5.40,24.5,1.061,0.557,5.40
50000,585,5,16.2,0.0,0.6,0.0,11.8,0.0,1.00,12.0,5,593,27.25,5.60,0,0,5,0.0,1.00,1.00,1.00,2.60,4.40,3.60,42.4,1.312,0.469,7.00
51000,580,1264,29.5,0.4,6.3,0.0,8.4,0.0,1.14,1.9,881,769,28.05,25.21,358,449,457,0.1,1.17,1.10,1.15,2.97,4.04,4.10,33.0,1.920,0.532,4.54
51000,7,822,51.7,15.1,9.6,3.1,7.7,2.2,5.38,2.1,673,1322,48.31,43.83,422,204,196,2.2,6.49,2.72,6.46,5.47,6.15,6.90,28.0,1.055,0.641,7.01
51000,339,624,15.2,0.5,0.4,0.2,11.5,0.0,1.17,12.1,335,651,31.43,14.70,186,284,154,0.0,1.11,1.20,1.19,2.97,3.96,4.17,30.3,1.129,0.531,7.04
51000,601,129,16.4,0.1,1.7,1.5,9.4,0.0,1.03,7.5,88,721,24.45,10.63,79,43,7,0.0,1.04,1.04,1.02,3.05,4.27,3.96,23.8,1.343,0.518,5.98
51000,292,84,21.4,0.4,0.2,1.0,17.7,0.0,1.13,10.9,62,766,33.56,15.71,0,33,51,0.0,1.16,1.19,1.10,4.00,5.65,5.31,41.7,1.078,0.467,8.04
51000,618,50,9.5,0.0,0.2,0.0,7.7,0.0,1.00,26.6,18,398,14.54,6.33,28,21,1,0.0,1.00,1.00,1.00,2.54,3.26,3.48,25.7,1.178,0.394,9.98
51000,602,46,21.3,0.0,0.0,0.2,14.2,0.0,1.00,10.7,37,1066,38.59,11.71,46,0,0,0.0,1.00,1.00,1.00,3.54,5.33,3.76,13.5,1.468,0.580,7.22
51000,639,37,16.8,0.0,0.0,0.1,12.1,0.0,1.00,13.2,25,534,21.39,10.51,0,2,35,0.0,1.00,1.00,1.00,2.92,3.43,4.89,45.8,1.369,0.567,7.46
51000,539,36,18.9,1.8,1.8,0.0,6.9,0.0,1.86,7.2,25,1280,47.59,23.95,36,0,0,0.0,2.00,2.28,1.62,2.61,3.75,3.22,18.1,1.444,0.583,5.19
51000,629,36,20.4,0.0,0.0,0.3,13.9,0.0,1.00,7.5,31,1021,64.78,29.48,35,1,0,0.0,1.00,1.00,1.00,3.53,4.11,4.64,20.8,1.428,0.376,6.14
51000,619,35,14.2,0.0,0.0,0.0,11.0,0.0,1.00,12.1,18,421,20.85,10.43,15,19,1,0.0,1.00,1.00,1.00,2.43,3.49,4.09,26.6,1.286,0.609,6.80
51000,635,34,16.3,0.0,0.0,0.1,13.0,0.0,1.00,10.6,26,628,27.54,14.13,33,1,0,0.0,1.00,1.00,1.00,3.18,4.97,3.15,6.6,1.234,0.525,6.71
51000,573,25,14.6,0.0,0.2,1.7,11.5,0.0,1.00,7.0,14,579,35.20,28.13,25,0,0,0.0,1.00,1.00,1.00,2.76,3.12,5.36,16.5,1.161,0.638,6.00
51000,565,25,22.5,0.9,0.0,4.3,14.3,0.0,1.23,3.8,18,436,20.04,5.49,0,16,9,0.0,1.00,1.46,1.24,4.96,6.36,5.92,36.5,1.238,0.652,7.00
51000,603,23,18.9,0.0,0.0,1.0,21.4,0.0,1.00,7.4,22,1101,63.84,10.25,6,17,0,0.0,1.00,1.00,1.00,4.65,5.87,6.74,28.8,0.860,0.504,8.00
51000,590,19,10.2,0.0,0.2,0.2,9.7,0.0,1.00,11.8,12,320,15.72,13.50,1,18,0,0.0,1.00,1.00,1.00,2.63,3.26,3.74,29.6,1.016,0.414,6.37
51000,582,18,13.2,0.0,0.0,0.0,11.6,0.0,1.00,11.8,9,700,55.73,41.70,14,4,0,0.0,1.00,1.00,1.00,2.67,3.28,3.39,23.6,1.160,0.470,6.28
51000,510,17,24.7,0.8,8.4,2.2,9.9,0.0,1.24,8.7,14,837,38.24,9.38,0,2,15,0.0,1.00,1.41,1.26,4.00,5.18,5.82,41.6,1.188,0.584,7.53
51000,535,16,20.8,0.0,1.7,0.4,15.2,0.0,1.00,7.5,15,1342,67.34,36.84,9,7,0,0.0,1.00,1.00,1.00,4.00,5.31,4.25,24.9,1.243,0.540,6.56
51000,562,16,9.7,0.0,0.1,0.2,6.6,0.0,1.00,13.1,12,1564,54.95,19.32,16,0,0,0.0,1.00,1.00,1.00,2.06,3.94,2.62,19.1,1.427,0.662,6.44
51000,609,14,14.4,0.4,3.6,0.1,6.3,0.3,1.08,8.3,14,1259,98.94,39.39,0,13,1,0.3,1.13,1.00,1.10,2.64,3.79,4.29,36.3,1.296,0.568,6.00
51000,654,14,29.0,0.0,6.2,0.6,13.0,0.0,1.00,0.4,12,1514,70.92,55.35,0,9,5,0.0,1.00,1.00,1.00,3.71,4.79,5.00,36.7,1.465,0.528,5.00
51000,659,14,43.1,8.2,0.0,0.4,16.4,0.0,3.44,12.1,14,1024,64.38,15.54,0,0,14,0.0,3.98,2.82,3.50,4.36,5.21,5.71,56.5,1.322,0.484,8.50
51000,529,13,16.6,0.0,0.6,0.0,12.8,0.0,1.00,14.2,6,700,52.41,14.65,0,4,9,0.0,1.00,1.00,1.00,2.62,4.85,3.08,39.5,1.161,0.486,7.46
51000,617,10,26.3,0.0,0.0,1.8,21.6,0.0,1.00,4.6,10,1125,70.87,43.36,10,0,0,0.0,1.00,1.00,1.00,3.80,4.70,5.20,21.6,1.177,0.666,6.10
51000,633,9,25.8,1.4,0.4,0.1,15.9,0.0,1.41,0.7,7,1056,85.61,26.22,3,6,0,0.0,1.66,1.04,1.48,4.56,5.78,5.67,28.5,1.334,0.411,5.78
51000,660,9,30.0,4.6,0.0,6.4,12.6,0.0,2.43,2.9,8,1179,76.04,23.32,0,9,0,0.0,1.69,2.94,2.56,4.44,5.22,5.56,32.0,1.196,0.436,6.00
51000,544,8,32.2,0.0,12.2,5.4,8.6,0.0,1.00,4.0,8,865,41.19,22.02,2,0,6,0.0,1.00,1.00,1.00,4.62,5.00,6.25,37.8,1.366,0.587,6.62
51000,526,7,15.7,0.0,0.0,0.0,12.9,0.0,1.00,5.7,6,2002,109.04,81.34,7,0,0,0.0,1.00,1.00,1.00,3.00,4.00,3.43,19.4,1.219,0.570,5.14
51000,638,6,46.9,0.0,0.0,0.0,25.3,0.0,1.00,4.0,4,1196,102.43,39.11,3,3,0,0.0,1.00,1.00,1.00,4.50,4.67,5.33,23.7,1.853,0.697,6.00
51000,557,6,39.7,9.7,0.0,2.2,15.2,0.0,3.42,0.0,5,1498,49.61,30.26,4,2,0,0.0,1.00,5.50,3.58,4.00,5.33,5.33,22.8,1.126,0.579,5.33
51000,623,6,10.8,0.0,0.7,0.0,9.3,0.0,1.00,5.3,5,1634,49.60,29.31,0,1,5,0.0,1.00,1.00,1.00,2.83,3.00,5.17,39.1,1.081,0.585,5.33
51000,599,6,18.4,0.0,2.5,0.0,14.2,0.0,1.00,3.0,6,562,15.92,11.18,6,0,0,0.0,1.00,1.00,1.00,3.17,4.33,4.17,15.5,1.095,0.504,5.00
51000,630,6,8.9,0.0,0.2,3.8,5.8,0.0,1.00,8.3,6,608,16.31,5.08,0,0,6,0.0,1.00,1.00,1.00,4.17,4.00,5.00,51.3,1.126,0.476,6.00
51000,583,6,20.8,0.0,4.8,0.0,14.8,0.0,1.00,2.7,6,340,25.13,24.12,6,0,0,0.0,1.00,1.00,1.00,4.17,4.67,4.33,17.1,1.070,0.361,5.17
51000,579,5,21.7,0.4,0.2,0.0,14.8,0.0,1.40,7.6,5,1898,95.46,70.53,3,2,0,0.0,1.40,1.40,1.40,2.80,4.60,3.40,24.8,1.385,0.664,5.60
52000,580,1044,28.5,0.5,6.4,0.0,7.4,0.0,1.12,1.9,717,779,25.63,22.23,268,408,368,0.1,1.14,1.09,1.13,2.84,3.91,4.01,33.2,1.935,0.536,4.42
52000,7,714,51.4,15.2,9.1,3.2,7.6,2.0,5.37,2.3,577,1380,48.62,47.20,345,221,148,2.1,6.54,2.74,6.43,5.36,6.11,6.94,27.7,1.055,0.645,7.04
52000,339,462,15.8,0.7,0.8,0.1,11.7,0.0,1.24,11.7,263,837,38.14,16.43,212,181,69,0.0,1.17,1.32,1.25,3.11,4.09,4.42,27.6,1.117,0.537,7.12
52000,635,74,16.1,0.0,0.2,0.0,12.8,0.0,1.00,13.5,38,691,37.12,20.08,61,13,0,0.0,1.00,1.00,1.00,3.16,4.74,3.24,15.4,1.240,0.546,7.35
52000,601,71,13.9,0.0,1.1,0.3,8.4,0.0,1.00,9.5,44,524,22.74,8.44,21,27,23,0.0,1.00,1.00,1.00,2.69,3.37,4.27,30.6,1.458,0.451,6.18
52000,292,57,11.5,0.0,1.4,0.0,9.5,0.0,1.00,15.8,40,235,13.91,7.71,0,16,41,0.0,1.00,1.00,1.00,2.63,4.28,4.04,41.4,1.081,0.524,8.05
52000,603,55,10.7,0.4,0.4,0.3,11.4,0.0,1.12,16.4,49,722,41.85,17.98,32,23,0,0.0,1.12,1.12,1.14,2.93,4.44,4.13,26.6,0.819,0.524,8.24
52000,663,51,10.6,0.7,0.6,0.0,7.6,0.0,1.27,15.6,21,453,23.53,10.22,50,1,0,0.1,1.25,1.33,1.25,2.71,3.86,2.43,17.9,1.084,0.402,7.00
52000,539,44,21.4,0.3,3.1,0.2,9.2,0.0,1.16,5.6,34,774,27.50,15.32,44,0,0,0.0,1.15,1.19,1.14,2.84,3.82,3.64,17.0,1.535,0.588,5.07
52000,602,39,19.2,0.0,0.0,0.5,12.5,0.0,1.00,11.2,27,810,39.09,18.46,39,0,0,0.0,1.00,1.00,1.00,3.15,5.46,3.77,12.8,1.486,0.582,7.28
52000,573,30,8.1,0.0,0.0,0.2,7.0,0.0,1.00,11.2,20,487,25.19,18.50,30,0,0,0.0,1.00,1.00,1.00,2.50,2.40,3.53,17.2,1.133,0.634,5.77
52000,629,28,17.7,0.0,0.1,0.2,12.1,0.0,1.00,9.2,21,637,58.51,22.13,26,2,0,0.0,1.00,1.00,1.00,3.25,4.00,3.75,21.6,1.408,0.366,6.14
52000,619,26,12.7,0.0,0.0,0.0,9.6,0.0,1.00,13.1,20,600,30.18,13.94,6,12,8,0.0,1.00,1.00,1.00,2.42,3.54,3.50,31.8,1.325,0.595,6.77
52000,610,25,9.5,0.0,0.8,0.5,4.8,0.0,1.00,8.7,16,666,15.07,7.23,25,0,0,0.0,1.00,1.00,1.00,1.88,2.32,3.24,12.7,1.587,0.637,4.92
52000,618,24,11.1,0.0,0.3,0.0,8.8,0.0,1.00,25.8,12,939,31.40,12.34,13,11,0,0.0,1.00,1.00,1.00,2.67,3.21,3.71,25.3,1.209,0.399,9.83
52000,535,24,23.1,0.0,3.5,0.2,15.3,0.0,1.00,6.4,21,943,64.38,24.06,10,14,0,0.0,1.00,1.00,1.00,3.92,5.25,4.50,25.4,1.227,0.582,6.42
52000,659,23,37.5,8.6,0.0,0.7,8.7,0.0,4.20,13.6,18,787,47.25,10.65,0,0,23,0.0,3.79,4.03,4.57,3.57,4.48,4.87,53.2,1.440,0.561,7.96
52000,639,23,17.1,0.0,0.0,0.0,12.3,0.0,1.00,12.3,17,907,29.42,17.88,0,2,21,0.0,1.00,1.00,1.00,3.09,3.35,5.43,50.2,1.388,0.575,7.39
52000,510,20,12.0,0.0,0.3,0.1,9.6,0.0,1.00,14.0,14,657,35.98,12.15,0,0,20,0.0,1.00,1.00,1.00,2.40,3.70,3.20,43.5,1.203,0.480,6.95
52000,666,15,24.6,4.1,0.0,0.5,16.7,0.0,1.54,2.7,11,826,40.47,37.40,0,0,15,0.0,1.20,1.93,1.55,3.53,4.87,5.07,63.3,0.968,0.396,5.60
52000,654,14,28.3,0.0,5.6,0.9,12.6,0.0,1.00,1.0,14,1353,56.47,68.21,0,9,5,0.0,1.00,1.00,1.00,3.50,4.71,4.79,37.0,1.501,0.520,5.00
52000,609,14,19.9,0.8,6.9,0.1,6.4,0.0,1.12,3.1,12,731,53.06,57.36,0,13,1,0.0,1.00,1.23,1.13,3.79,4.79,5.50,36.3,1.309,0.529,5.93
52000,660,12,29.1,4.3,0.0,5.5,12.8,0.0,2.34,3.0,11,1424,90.21,36.50,0,12,0,0.0,1.51,2.85,2.53,4.17,5.42,5.50,32.2,1.191,0.450,6.00
52000,667,11,4.3,0.1,0.0,0.4,3.5,0.0,1.09,14.4,11,1843,37.37,6.15,11,0,0,0.0,1.09,1.09,1.09,1.91,2.55,2.27,20.2,1.099,0.471,5.82
52000,562,10,9.2,0.0,0.0,0.0,7.1,0.0,1.00,16.2,5,481,12.52,8.99,9,1,0,0.0,1.00,1.00,1.00,2.10,3.50,2.40,24.3,1.304,0.605,7.00
52000,425,9,18.8,0.0,0.0,4.9,15.3,0.0,1.00,2.4,5,317,37.08,18.89,9,0,0,0.0,1.00,1.00,1.00,3.44,4.33,4.67,19.4,1.057,0.286,5.11
52000,670,8,26.9,4.1,0.0,21.4,4.1,0.0,1.97,5.2,7,2441,145.07,7.08,0,0,8,0.0,3.16,2.21,1.74,4.25,6.00,6.25,61.7,1.158,0.371,7.00
52000,633,8,14.6,0.2,0.0,0.0,10.4,0.0,1.16,5.5,8,739,47.25,16.61,0,8,0,0.0,1.12,1.12,1.31,2.75,4.50,4.38,31.8,1.335,0.422,5.75
52000,617,8,32.9,0.0,0.0,3.1,26.6,0.0,1.00,2.8,8,998,88.45,46.97,8,0,0,0.0,1.00,1.00,1.00,4.38,5.75,5.88,22.0,1.159,0.654,6.50
52000,585,6,30.3,0.3,0.7,0.0,22.2,0.0,1.08,2.7,4,477,24.14,4.32,0,0,6,0.0,1.08,1.13,1.06,4.17,6.67,6.00,41.8,1.293,0.470,7.00
52000,565,6,16.3,0.2,0.0,5.2,10.3,0.0,1.01,5.0,5,1604,67.65,19.29,0,3,3,0.0,1.00,1.06,1.00,4.67,5.67,6.17,36.6,1.244,0.660,6.83
52000,644,6,12.7,0.0,0.0,5.0,9.5,0.0,1.00,8.3,4,617,33.35,4.64,0,0,6,0.0,1.00,1.00,1.00,3.83,3.50,6.83,42.6,1.054,0.573,7.00
52000,665,5,50.0,0.0,13.2,6.6,14.6,0.0,1.00,4.4,5,1591,179.99,53.06,0,4,1,0.0,1.00,1.00,1.00,6.00,7.40,6.60,32.9,1.609,0.316,7.80
53000,580,977,30.9,0.5,6.6,0.0,8.5,0.0,1.12,1.8,720,986,38.83,31.60,404,326,247,0.1,1.14,1.10,1.13,2.98,4.08,4.19,29.7,1.925,0.548,4.56
53000,7,562,51.8,15.7,9.5,3.0,6.8,2.1,5.50,2.3,450,1358,43.39,43.07,309,155,98,2.2,6.73,2.74,6.57,5.34,6.07,6.94,26.4,1.053,0.644,7.06
53000,339,227,18.9,1.3,0.9,0.1,12.8,0.0,1.36,11.1,136,742,35.73,13.90,117,83,27,0.1,1.16,1.59,1.36,3.30,4.47,4.26,27.8,1.165,0.538,7.09
53000,663,86,11.8,0.6,1.1,0.0,8.3,0.0,1.20,13.8,47,631,28.96,13.03,82,3,1,0.1,1.18,1.22,1.20,2.74,4.57,2.65,16.4,1.099,0.418,6.99
53000,602,57,15.6,0.0,0.0,0.1,10.4,0.0,1.00,12.0,37,616,28.32,13.94,57,0,0,0.0,1.00,1.00,1.00,2.77,4.61,3.47,13.6,1.468,0.563,6.86
53000,601,49,15.8,0.0,0.0,0.0,10.8,0.0,1.00,6.9,18,187,14.01,3.80,49,0,0,0.0,1.00,1.00,1.00,3.27,4.00,4.73,17.4,1.472,0.420,6.00
53000,635,43,11.3,0.0,0.7,0.0,8.4,0.0,1.00,14.6,30,701,34.17,18.81,42,1,0,0.0,1.00,1.00,1.00,2.47,4.19,3.05,8.8,1.244,0.523,7.21
53000,573,35,9.0,0.0,0.0,0.2,7.7,0.0,1.00,10.5,19,697,29.26,11.19,35,0,0,0.0,1.00,1.00,1.00,2.29,2.49,3.80,17.8,1.153,0.636,5.77
53000,535,34,21.6,0.0,2.7,1.4,14.5,0.0,1.00,5.8,25,1089,66.95,27.48,24,10,0,0.0,1.00,1.00,1.00,3.74,5.88,4.09,23.6,1.201,0.527,6.38
53000,618,25,15.3,1.9,0.7,0.0,8.9,0.0,1.52,22.0,15,516,25.36,7.97,12,13,0,0.0,1.47,1.47,1.59,2.44,3.00,4.56,23.9,1.208,0.406,9.28
53000,292,25,12.9,0.0,2.2,0.0,10.3,0.0,1.00,15.8,16,593,27.70,4.99,0,1,24,0.0,1.00,1.00,1.00,2.68,4.24,4.64,43.4,1.049,0.530,8.24
53000,697,22,16.4,0.5,0.9,2.4,11.9,0.0,1.04,5.1,20,881,34.47,12.53,14,8,0,0.0,1.00,1.11,1.03,3.77,4.27,4.77,23.1,1.124,0.623,5.73
53000,603,17,18.7,1.3,0.5,0.0,21.2,0.0,1.40,6.7,9,739,57.17,28.49,14,3,0,0.0,1.38,1.38,1.45,4.82,7.12,7.53,18.7,0.764,0.553,8.76
53000,557,15,37.4,7.9,0.0,0.5,17.3,0.0,3.59,0.8,11,635,46.53,23.82,14,1,0,0.0,1.79,5.16,3.68,4.73,5.33,5.07,22.7,1.120,0.617,5.40
53000,629,15,23.9,0.0,0.2,1.1,15.7,0.0,1.00,8.3,14,1016,52.79,18.28,13,2,0,0.0,1.00,1.00,1.00,3.13,4.80,3.73,22.1,1.410,0.364,6.33
53000,639,14,16.7,0.4,0.0,0.0,10.8,0.0,1.10,13.9,12,1806,50.72,32.45,0,2,12,0.0,1.00,1.15,1.12,3.57,3.21,4.86,48.6,1.416,0.582,7.36
53000,660,13,28.0,4.7,0.6,4.6,10.8,0.0,2.54,2.2,11,1169,51.64,23.64,0,13,0,0.1,1.86,2.97,2.77,5.15,5.62,5.85,33.3,1.198,0.473,6.00
53000,654,12,28.4,0.0,7.2,0.1,11.5,0.0,1.00,0.3,11,1328,51.87,55.42,0,8,4,0.0,1.00,1.00,1.00,3.67,5.00,4.83,36.8,1.505,0.555,5.00
53000,694,12,30.2,0.0,8.1,0.1,17.5,0.0,1.00,2.8,12,1197,46.05,14.35,0,0,12,0.0,1.00,1.00,1.00,4.42,6.92,5.83,60.9,1.173,0.646,7.00
53000,610,11,10.7,0.0,1.5,0.0,5.5,0.0,1.00,8.2,11,1434,36.81,16.42,11,0,0,0.0,1.00,1.00,1.00,1.91,2.64,3.36,12.9,1.565,0.642,4.91
53000,539,11,35.1,0.0,6.1,1.0,13.2,0.0,1.00,0.4,10,1012,37.97,19.79,11,0,0,0.0,1.00,1.00,1.00,3.91,4.91,4.91,16.4,1.773,0.640,5.00
53000,619,8,16.8,0.0,0.0,0.0,13.5,0.0,1.00,11.5,8,1312,56.79,19.06,1,5,2,0.0,1.00,1.00,1.00,2.75,3.88,4.38,32.9,1.273,0.561,7.00
53000,666,8,21.9,3.9,0.0,0.0,14.5,0.0,1.82,2.8,8,2107,99.25,44.67,0,0,8,0.0,1.62,2.04,1.89,3.38,4.88,5.12,62.5,0.978,0.390,5.62
53000,510,8,11.0,0.0,0.0,0.0,9.4,0.0,1.00,14.0,7,758,38.29,8.48,0,0,8,0.0,1.00,1.00,1.00,2.00,3.88,3.12,43.0,1.179,0.482,7.00
53000,659,8,33.7,7.2,0.0,0.0,8.0,0.0,3.88,14.5,6,1290,19.51,1.68,0,0,8,0.0,2.56,4.10,4.49,3.75,4.25,4.25,53.8,1.515,0.613,7.88
53000,644,7,13.6,0.0,0.0,3.7,11.0,0.0,1.00,8.0,5,1316,53.74,5.23,0,3,4,0.0,1.00,1.00,1.00,3.29,3.57,6.86,39.9,1.056,0.572,7.00
53000,617,5,25.7,0.0,0.0,1.0,21.6,0.0,1.00,6.0,5,1958,229.67,123.51,4,1,0,0.0,1.00,1.00,1.00,4.20,5.80,5.00,23.3,1.175,0.642,6.80
53000,609,5,29.1,5.6,3.4,0.0,7.8,0.0,2.42,3.2,5,1102,35.97,18.98,0,4,1,0.0,1.70,2.72,2.66,4.80,6.40,6.40,36.8,1.316,0.496,6.60
53000,620,5,6.6,0.0,0.0,0.0,5.4,0.0,1.00,15.2,4,1096,47.83,19.62,5,0,0,0.0,1.00,1.00,1.00,2.20,5.60,1.40,20.6,1.229,0.385,7.00
54000,7,432,52.0,15.1,9.7,4.0,7.4,2.1,5.27,2.1,334,1376,32.06,38.99,242,122,68,2.1,6.50,2.64,6.23,5.52,6.16,7.01,25.6,1.054,0.647,7.08
54000,580,338,29.6,1.2,6.1,0.0,6.9,0.1,1.32,1.6,251,964,28.68,22.51,218,50,70,0.3,1.39,1.22,1.34,2.72,3.92,4.01,25.8,1.947,0.635,4.35
54000,710,107,25.0,2.5,1.4,0.1,11.1,0.2,1.83,8.5,87,1260,55.84,37.47,78,14,15,0.2,1.98,1.44,2.01,3.34,4.10,4.26,22.9,1.406,0.572,6.30
54000,339,81,19.9,1.0,4.0,0.1,10.4,0.0,1.33,10.9,49,804,31.30,8.29,40,23,18,0.1,1.21,1.45,1.33,3.32,4.28,4.35,28.0,1.178,0.556,7.04
54000,635,77,16.1,0.1,0.2,0.0,12.6,0.0,1.01,13.5,48,510,20.27,8.60,70,7,0,0.0,1.00,1.02,1.01,3.12,5.09,3.32,9.1,1.251,0.555,7.52
54000,663,73,14.7,0.8,1.5,0.2,9.9,0.0,1.29,11.6,41,875,42.18,12.93,70,2,1,0.1,1.31,1.33,1.26,2.97,5.44,2.89,14.2,1.125,0.409,7.00
54000,602,39,14.4,0.0,0.0,0.8,8.9,0.0,1.00,11.0,27,996,38.00,15.78,32,7,0,0.0,1.00,1.00,1.00,2.77,4.23,3.31,18.1,1.553,0.577,6.41
54000,610,30,12.1,0.0,0.5,0.7,6.7,0.0,1.00,7.0,14,702,30.54,15.90,30,0,0,0.0,1.00,1.00,1.00,2.30,2.60,3.87,12.0,1.594,0.647,4.97
54000,292,29,11.7,0.0,1.4,0.0,9.4,0.0,1.00,16.3,16,414,10.25,0.58,0,13,16,0.0,1.00,1.00,1.00,2.97,4.31,3.62,39.8,1.125,0.514,8.03
54000,535,25,21.8,0.0,1.8,3.3,14.6,0.0,1.00,7.0,23,998,49.64,18.99,17,8,0,0.0,1.00,1.00,1.00,4.04,5.40,4.56,23.7,1.217,0.537,6.68
54000,620,24,7.2,0.0,0.0,0.0,5.8,0.0,1.00,15.2,14,699,26.61,14.51,24,0,0,0.0,1.00,1.00,1.00,2.25,4.71,2.12,21.5,1.228,0.388,7.04
54000,573,24,9.6,0.0,0.0,0.1,8.2,0.0,1.00,9.8,16,1366,43.11,21.65,24,0,0,0.0,1.00,1.00,1.00,2.62,2.54,4.25,17.6,1.153,0.621,5.75
54000,603,22,9.4,0.0,0.4,0.0,11.8,0.0,1.00,19.4,17,427,34.25,16.54,22,0,0,0.0,1.00,1.00,1.00,2.91,4.55,3.73,16.5,0.769,0.530,8.95
54000,618,19,20.8,0.0,0.3,0.0,16.3,0.0,1.00,17.9,11,466,22.17,8.23,12,7,0,0.0,1.00,1.00,1.00,3.16,4.05,5.84,22.5,1.247,0.391,9.42
54000,697,18,8.0,0.2,0.5,1.4,5.3,0.0,1.12,10.8,17,1111,63.17,19.74,12,6,0,0.0,1.09,1.19,1.11,2.28,3.17,3.44,23.5,1.152,0.622,5.83
54000,717,16,18.4,0.0,5.0,1.1,5.9,0.0,1.00,6.2,15,1234,84.40,34.72,16,0,0,0.0,1.00,1.00,1.00,2.69,3.56,4.00,24.0,1.608,0.681,5.19
54000,601,13,17.5,0.0,0.0,0.0,12.1,0.0,1.00,6.5,10,916,40.64,23.38,13,0,0,0.0,1.00,1.00,1.00,3.08,4.23,4.85,18.5,1.450,0.432,6.08
54000,557,12,27.3,4.8,0.0,2.5,12.7,0.0,2.36,2.3,8,846,52.95,29.46,12,0,0,0.0,1.03,3.53,2.42,3.58,4.92,4.42,20.3,1.115,0.605,5.25
54000,666,10,20.5,2.3,0.8,0.0,16.1,0.0,1.31,0.8,6,606,6.28,7.01,0,0,10,0.1,1.19,1.44,1.33,3.50,5.10,5.00,64.3,0.950,0.393,5.20
54000,425,10,14.0,0.0,0.0,4.5,11.8,0.0,1.00,2.8,10,715,38.20,35.11,10,0,0,0.0,1.00,1.00,1.00,3.20,4.50,4.10,19.1,0.979,0.264,5.00
54000,629,9,14.1,0.0,1.1,0.0,9.0,0.0,1.00,11.1,8,1498,62.06,14.64,9,0,0,0.0,1.00,1.00,1.00,2.89,4.00,3.67,20.7,1.377,0.432,6.56
54000,644,7,17.7,0.0,0.0,4.0,14.6,0.0,1.00,6.3,4,1558,37.62,4.09,0,4,3,0.0,1.00,1.00,1.00,4.00,4.43,7.14,39.8,1.068,0.565,7.14
54000,718,7,17.2,0.0,0.0,0.0,13.1,0.0,1.00,4.0,5,680,28.60,10.59,0,3,4,0.0,1.00,1.00,1.00,3.00,5.43,4.57,36.3,1.311,0.656,6.00
54000,539,6,33.7,0.0,5.7,3.5,11.5,0.0,1.00,0.7,6,1568,119.48,18.79,6,0,0,0.0,1.00,1.00,1.00,4.00,4.83,4.83,20.2,1.782,0.620,5.00
54000,654,6,25.1,0.0,10.8,0.0,5.5,0.0,1.00,1.0,6,625,5.35,7.64,0,2,4,0.0,1.00,1.00,1.00,3.50,4.50,5.00,37.8,1.526,0.611,5.00
54000,720,5,14.9,2.2,0.0,0.0,8.6,0.0,1.93,12.0,5,2066,157.60,122.18,1,3,1,0.0,2.11,1.25,2.19,2.00,2.80,4.00,31.4,1.166,0.475,6.40
54000,659,5,40.5,9.8,0.0,0.0,7.6,0.0,4.98,12.0,3,2459,32.59,2.30,0,0,5,0.0,3.40,5.00,5.88,3.60,4.40,4.80,53.9,1.491,0.590,7.60
54000,660,5,35.2,6.0,1.6,8.8,10.6,0.0,2.74,0.4,5,1876,31.08,29.01,0,5,0,0.2,2.30,3.43,2.63,6.20,5.80,6.00,34.5,1.231,0.464,6.00
54000,638,5,40.8,0.0,5.8,5.2,14.4,0.0,1.00,2.8,5,467,20.65,10.23,5,0,0,0.0,1.00,1.00,1.00,4.20,4.60,6.00,20.1,1.802,0.670,6.00
55000,7,288,51.7,15.3,8.3,4.6,8.1,1.9,5.28,2.1,220,1263,31.04,37.99,226,59,3,1.9,6.50,2.75,6.22,5.51,6.16,6.98,19.9,1.047,0.642,7.08
55000,580,240,29.3,1.3,6.1,0.0,6.7,0.1,1.33,1.4,191,1040,39.52,28.58,207,25,8,0.3,1.41,1.15,1.38,2.74,4.01,4.05,20.5,1.935,0.641,4.37
55000,663,102,14.8,0.6,1.1,0.1,10.8,0.0,1.24,12.0,61,818,36.97,13.21,91,9,2,0.0,1.29,1.25,1.22,3.14,4.44,4.11,14.9,1.128,0.378,7.09
55000,339,68,20.7,0.6,4.0,0.0,12.2,0.0,1.20,9.6,37,951,43.08,15.68,55,12,1,0.0,1.02,1.35,1.20,3.50,5.01,4.38,20.6,1.173,0.557,7.01
55000,728,40,27.9,0.4,7.6,0.0,5.6,0.1,1.18,0.5,21,1461,55.01,23.10,34,5,1,0.2,1.23,1.24,1.12,2.67,3.78,3.97,17.5,1.987,0.645,4.00
55000,618,31,16.6,0.0,0.1,0.0,13.6,0.0,1.06,19.6,16,543,24.13,7.34,21,10,0,0.0,1.06,1.06,1.06,3.03,4.23,4.74,22.7,1.203,0.390,9.39
55000,697,30,18.6,0.1,3.5,2.7,9.5,0.0,1.07,6.0,24,1225,39.25,19.58,19,11,0,0.0,1.08,1.08,1.05,3.33,4.27,4.50,25.2,1.267,0.623,5.87
55000,601,29,9.1,0.0,0.1,0.0,6.1,0.0,1.00,12.5,10,195,9.03,2.39,22,7,0,0.0,1.00,1.00,1.00,1.97,2.62,3.34,21.8,1.450,0.419,6.10
55000,635,28,14.7,0.1,0.3,0.0,11.2,0.0,1.03,13.4,18,801,23.16,5.00,28,0,0,0.0,1.00,1.06,1.04,3.14,4.68,3.11,6.3,1.259,0.573,7.25
55000,710,20,9.2,0.5,0.0,0.0,5.7,0.0,1.22,12.2,6,309,7.69,6.33,18,2,0,0.0,1.20,1.16,1.27,2.35,3.10,3.00,23.1,1.360,0.604,6.10
55000,573,18,4.0,0.0,0.0,0.8,2.9,0.0,1.00,12.3,8,621,20.17,12.57,18,0,0,0.0,1.00,1.00,1.00,1.44,2.44,1.72,18.4,1.188,0.594,5.17
55000,610,17,6.6,0.0,0.2,0.5,3.5,0.0,1.00,11.1,13,638,41.65,14.77,17,0,0,0.0,1.00,1.00,1.00,1.47,2.00,2.24,12.3,1.659,0.661,4.88
55000,602,12,8.8,0.0,0.0,0.4,5.6,0.0,1.00,14.5,10,1450,35.70,8.93,10,1,1,0.0,1.00,1.00,1.00,2.33,4.08,2.42,19.2,1.520,0.575,6.67
55000,425,10,14.3,0.0,1.1,6.5,9.3,0.0,1.00,6.2,10,866,74.40,31.08,10,0,0,0.0,1.00,1.00,1.00,2.50,4.00,4.00,19.8,1.010,0.308,5.50
55000,620,10,5.4,0.0,0.0,0.0,4.5,0.0,1.00,16.6,5,1188,37.65,22.30,9,1,0,0.0,1.00,1.00,1.00,2.20,3.80,1.70,22.2,1.214,0.381,6.90
55000,535,8,16.5,0.0,0.0,0.0,13.4,0.0,1.00,11.8,8,733,94.59,23.86,8,0,0,0.0,1.00,1.00,1.00,3.00,4.25,4.25,18.6,1.233,0.492,7.12
55000,557,6,27.4,4.0,0.0,1.2,14.2,0.0,2.02,1.3,5,1644,166.74,76.88,6,0,0,0.0,1.27,2.98,1.93,3.67,4.50,4.83,18.8,1.203,0.602,5.00
55000,539,5,27.7,0.0,3.8,3.8,10.2,0.0,1.00,2.4,5,1322,156.56,34.90,5,0,0,0.0,1.00,1.00,1.00,3.20,4.20,4.60,22.0,1.755,0.614,5.00
55000,603,5,3.8,0.0,0.0,0.0,4.8,0.0,1.00,26.8,5,1036,54.12,20.78,5,0,0,0.0,1.00,1.00,1.00,1.80,2.80,2.60,14.9,0.777,0.529,9.00
56000,580,237,30.8,1.4,6.5,0.0,6.8,0.1,1.38,1.2,179,1114,45.86,30.33,209,24,4,0.3,1.49,1.19,1.42,2.86,4.05,4.14,19.4,1.937,0.628,4.38
56000,7,214,51.4,15.2,8.4,5.0,7.9,1.8,5.07,2.0,156,1235,36.37,38.03,176,28,10,1.9,6.42,2.68,5.83,5.36,6.16,6.99,18.0,1.045,0.646,7.05
56000,663,88,13.3,0.4,1.5,0.3,9.1,0.0,1.15,13.2,52,818,37.00,13.25,72,13,3,0.0,1.16,1.15,1.15,2.67,4.57,2.76,15.7,1.147,0.393,6.94
56000,601,63,22.8,0.3,1.0,0.1,14.8,0.0,1.06,6.3,33,393,21.02,8.95,49,13,1,0.0,1.00,1.12,1.06,3.46,4.32,4.76,22.4,1.390,0.481,6.11
56000,339,53,19.3,0.8,3.3,0.0,11.1,0.0,1.25,10.5,23,939,38.31,12.48,42,10,1,0.0,1.04,1.43,1.26,3.34,4.26,4.32,20.5,1.184,0.557,6.89
56000,728,51,27.2,0.2,8.1,0.0,5.2,0.0,1.10,0.6,33,1381,57.16,29.57,47,4,0,0.1,1.13,1.13,1.06,2.80,3.76,3.94,15.4,1.983,0.637,4.00
56000,748,34,18.8,1.1,0.9,1.7,10.5,0.0,1.28,6.8,20,747,33.72,6.06,28,5,1,0.0,1.37,1.40,1.18,3.24,5.29,3.65,19.8,1.276,0.542,6.15
56000,749,25,9.8,0.0,0.8,0.0,5.8,0.0,1.00,9.9,14,827,58.06,25.68,25,0,0,0.0,1.00,1.00,1.00,1.68,2.60,2.60,17.9,1.530,0.428,5.08
56000,635,22,22.7,0.0,0.6,1.1,18.2,0.0,1.00,10.4,16,811,19.39,4.08,20,2,0,0.0,1.00,1.00,1.00,3.18,5.59,3.68,14.0,1.198,0.579,7.23
56000,618,22,12.6,0.0,0.1,0.0,10.5,0.0,1.00,22.6,13,1065,36.11,12.45,18,4,0,0.0,1.00,1.00,1.00,3.00,4.14,3.45,22.1,1.208,0.403,9.45
56000,602,18,56.5,0.0,0.0,0.9,44.2,0.0,1.00,1.4,8,245,26.79,8.11,15,3,0,0.0,1.00,1.00,1.00,6.00,6.50,7.22,21.3,1.245,0.630,7.22
56000,697,17,10.3,0.0,0.2,0.1,8.1,0.0,1.00,8.7,9,283,11.20,5.20,12,5,0,0.0,1.00,1.00,1.00,2.53,3.59,3.47,25.0,1.235,0.676,5.71
56000,752,14,27.5,0.0,8.1,0.0,5.8,0.0,1.00,0.6,11,1054,20.03,51.66,7,7,0,0.0,1.00,1.00,1.00,2.93,3.93,3.79,25.9,1.983,0.443,4.00
56000,610,12,10.2,0.0,0.4,1.0,5.2,0.0,1.00,7.7,11,857,53.07,10.02,12,0,0,0.0,1.00,1.00,1.00,2.25,2.58,3.25,12.1,1.668,0.644,4.83
56000,603,11,14.6,4.6,0.0,0.0,9.2,0.0,2.68,16.7,8,741,27.03,9.18,11,0,0,0.0,2.48,2.48,3.02,3.36,3.73,5.73,13.6,0.791,0.503,8.91
56000,757,8,26.8,0.0,8.4,0.0,7.9,0.0,1.00,2.8,7,1484,38.50,12.43,3,3,2,0.0,1.00,1.00,1.00,3.38,4.50,4.62,27.9,1.636,0.376,5.12
56000,620,7,6.6,0.0,0.0,0.0,5.7,0.0,1.00,12.3,5,1203,53.17,21.94,4,3,0,0.0,1.00,1.00,1.00,2.86,5.71,1.43,25.5,1.132,0.365,6.43
56000,425,6,14.8,0.0,1.8,7.5,8.7,0.0,1.00,6.0,6,1424,86.36,22.61,6,0,0,0.0,1.00,1.00,1.00,2.50,3.67,4.50,20.5,1.010,0.302,5.50
56000,750,5,19.2,0.0,4.2,4.4,9.6,0.0,1.00,5.6,5,1795,99.86,42.78,5,0,0,0.0,1.00,1.00,1.00,3.20,5.20,4.80,17.1,1.196,0.595,6.20
56000,535,5,27.5,0.0,0.0,0.0,23.8,0.0,1.00,12.0,4,1256,113.76,18.80,5,0,0,0.0,1.00,1.00,1.00,4.80,4.20,5.00,18.4,1.195,0.478,7.60
56000,573,5,2.4,0.0,0.0,0.4,1.8,0.0,1.00,14.4,5,1349,31.91,11.38,5,0,0,0.0,1.00,1.00,1.00,1.60,2.00,1.20,18.3,1.206,0.611,5.20
57000,580,261,33.6,1.8,7.1,0.0,7.3,0.1,1.45,1.0,191,1016,45.33,25.16,221,28,12,0.4,1.59,1.22,1.51,3.03,4.16,4.32,20.5,1.910,0.622,4.47
57000,339,209,20.8,0.6,2.7,0.0,13.4,0.0,1.21,8.3,110,428,24.87,6.89,130,42,37,0.0,1.09,1.35,1.21,3.81,4.88,4.78,24.8,1.181,0.564,6.85
57000,7,194,51.2,15.2,8.2,4.7,7.9,1.8,5.04,2.2,128,1125,36.67,36.71,159,26,9,1.8,6.44,2.63,5.82,5.44,6.08,7.01,18.6,1.046,0.643,7.05
57000,601,100,30.7,0.2,1.7,0.8,20.3,0.0,1.07,4.9,72,499,33.21,19.69,54,37,9,0.0,1.02,1.11,1.07,4.38,5.12,5.69,25.6,1.335,0.510,6.56
57000,663,68,12.2,0.3,1.5,0.2,8.4,0.0,1.14,13.6,44,866,42.67,16.58,62,4,2,0.0,1.18,1.14,1.13,2.44,4.44,2.65,15.7,1.134,0.388,6.93
57000,763,67,17.7,0.1,0.3,0.2,14.8,0.0,1.02,12.8,41,775,33.26,15.39,59,8,0,0.0,1.00,1.02,1.03,3.04,4.25,3.70,17.0,1.134,0.557,7.15
57000,728,59,29.3,0.4,6.6,0.0,7.6,0.0,1.10,0.6,28,840,43.31,37.69,59,0,0,0.1,1.12,1.16,1.06,2.15,3.86,3.92,13.9,1.982,0.639,4.05
57000,697,35,26.8,0.3,9.1,2.7,12.1,0.1,1.04,2.5,27,630,26.10,8.72,14,21,0,0.2,1.05,1.01,1.05,4.40,5.54,5.63,25.8,1.172,0.645,6.11
57000,602,32,23.7,0.0,0.0,0.0,19.2,0.0,1.00,12.8,23,451,48.80,33.44,30,2,0,0.0,1.00,1.00,1.00,3.84,4.28,4.88,20.1,1.180,0.598,7.69
57000,610,22,7.3,0.0,0.2,1.4,3.5,0.0,1.00,9.5,16,994,53.75,10.08,22,0,0,0.0,1.00,1.00,1.00,1.86,2.41,2.73,12.2,1.641,0.649,4.91
57000,618,21,20.0,0.0,2.1,0.0,14.6,0.0,1.00,15.5,9,709,35.72,5.21,19,2,0,0.0,1.00,1.00,1.00,3.81,3.76,6.29,20.8,1.171,0.374,8.90
57000,748,17,21.2,2.1,0.4,0.9,10.6,0.0,1.56,10.4,15,1100,77.07,19.39,17,0,0,0.0,1.74,1.81,1.35,3.35,4.94,3.88,16.6,1.315,0.640,7.00
57000,603,16,12.4,5.3,0.0,0.0,4.6,0.0,3.05,17.9,12,728,34.74,11.34,16,0,0,0.0,2.99,2.99,3.21,3.31,3.19,6.31,12.2,0.805,0.495,8.62
57000,752,13,28.4,0.0,7.4,0.0,6.9,0.0,1.00,0.9,7,1327,42.55,28.25,5,6,2,0.0,1.00,1.00,1.00,2.69,3.77,3.77,28.1,1.987,0.493,4.00
57000,778,11,33.4,1.8,0.0,0.0,13.6,0.0,1.80,0.7,5,1701,86.44,90.76,10,0,1,0.0,2.02,1.18,2.00,3.45,3.82,4.09,22.2,1.934,0.304,4.09
57000,775,9,42.6,0.1,11.3,0.0,14.8,0.1,1.01,0.7,7,1182,36.05,14.02,7,1,1,0.1,1.04,1.00,1.00,4.44,5.44,5.56,24.4,1.630,0.581,5.67
57000,292,9,18.6,2.3,0.0,0.0,11.7,0.0,1.58,12.9,7,535,21.16,3.33,0,1,8,0.0,1.22,2.05,1.53,3.33,4.44,5.11,41.0,1.103,0.558,8.00
57000,777,7,34.3,8.9,0.1,1.7,6.9,0.1,4.36,1.7,7,2103,55.44,7.45,3,4,0,0.1,5.44,3.84,4.47,3.71,5.14,5.00,27.3,1.365,0.473,5.43
57000,635,7,13.5,0.0,0.0,0.0,10.4,0.0,1.00,13.7,4,1081,37.39,13.19,7,0,0,0.0,1.00,1.00,1.00,2.71,4.43,3.00,12.0,1.296,0.591,7.00
57000,749,7,6.9,0.0,0.0,0.3,4.3,0.0,1.00,11.1,6,857,24.38,11.76,7,0,0,0.0,1.00,1.00,1.00,2.14,2.14,2.29,19.1,1.564,0.377,5.00
58000,580,474,30.1,0.8,7.3,0.0,6.6,0.1,1.25,1.2,293,641,33.18,29.04,283,120,71,0.2,1.28,1.15,1.27,2.73,3.96,4.02,25.5,1.950,0.603,4.27
58000,784,422,37.9,0.0,10.7,0.0,9.1,0.0,1.00,2.0,327,497,26.62,30.95,150,167,105,0.0,1.00,1.00,1.00,3.59,4.66,4.76,30.5,1.918,0.621,5.18
58000,7,211,52.6,15.1,7.8,4.3,10.3,1.7,4.97,1.8,147,1050,35.91,35.66,168,32,11,1.7,6.44,2.62,5.61,5.45,6.25,7.01,19.1,1.040,0.646,7.04
58000,339,150,17.9,0.9,1.9,0.0,11.3,0.0,1.33,10.4,109,751,48.45,20.10,74,44,32,0.2,1.24,1.45,1.33,3.15,4.51,4.35,27.1,1.182,0.551,6.91
58000,601,82,25.9,0.2,2.6,0.8,15.8,0.0,1.03,6.8,67,508,35.00,14.84,37,21,24,0.0,1.00,1.08,1.02,3.63,4.70,5.00,29.8,1.354,0.523,6.45
58000,752,66,28.6,0.0,8.9,0.0,5.5,0.0,1.00,0.5,28,467,17.86,23.08,33,14,19,0.0,1.00,1.00,1.00,3.05,3.89,3.88,30.6,1.975,0.434,4.02
58000,728,53,25.8,0.0,6.5,0.0,6.5,0.0,1.00,1.2,30,1243,70.77,53.24,53,0,0,0.0,1.00,1.00,1.00,2.26,3.74,3.74,13.9,1.986,0.620,4.02
58000,618,42,12.7,0.3,0.3,0.1,11.2,0.0,1.15,14.4,25,350,16.47,12.70,42,0,0,0.0,1.15,1.16,1.16,3.07,4.79,3.83,18.1,1.064,0.366,7.86
58000,783,37,22.4,0.0,3.9,0.0,7.6,0.0,1.00,1.8,30,953,50.99,31.31,37,0,0,0.0,1.00,1.00,1.00,2.51,3.49,3.65,21.4,1.957,0.424,4.03
58000,763,37,18.2,0.2,0.1,0.0,15.4,0.0,1.06,11.0,23,1156,63.09,32.07,21,16,0,0.0,1.01,1.07,1.09,3.35,4.62,3.86,20.9,1.137,0.520,6.92
58000,663,26,7.9,0.0,0.2,0.2,6.9,0.0,1.00,15.5,20,1044,39.90,20.80,26,0,0,0.0,1.00,1.00,1.00,2.31,3.58,2.58,12.0,1.111,0.405,6.85
58000,602,18,18.3,0.0,0.0,0.0,15.4,0.0,1.00,15.7,16,1262,72.38,56.36,18,0,0,0.0,1.00,1.00,1.00,3.44,3.78,4.78,20.3,1.143,0.587,8.06
58000,697,17,12.4,0.8,2.3,0.2,7.1,0.0,1.27,5.3,16,1024,40.56,16.55,7,10,0,0.1,1.00,1.67,1.28,3.06,4.76,3.71,25.8,1.137,0.619,5.53
58000,775,13,39.0,0.2,6.0,0.0,17.4,0.1,1.01,3.7,13,657,28.46,22.24,13,0,0,0.1,1.03,1.00,1.00,4.38,4.92,5.54,20.3,1.650,0.611,6.00
58000,778,11,28.1,0.0,0.0,0.0,14.5,0.0,1.00,0.5,5,1292,83.04,99.97,9,1,1,0.0,1.00,1.00,1.00,3.45,3.82,3.91,21.8,1.944,0.362,4.00
58000,603,10,14.7,5.9,0.0,0.0,5.6,0.0,3.26,15.2,8,949,43.60,13.47,10,0,0,0.0,3.04,3.28,3.50,3.10,3.70,4.90,13.0,0.823,0.479,8.10
58000,635,9,15.7,0.0,0.0,0.0,12.1,0.0,1.00,12.9,4,1311,61.08,30.56,9,0,0,0.0,1.00,1.00,1.00,2.56,4.78,3.00,12.1,1.296,0.591,7.00
58000,748,9,31.0,4.0,0.7,0.6,13.7,0.0,2.06,6.2,9,2407,157.46,36.24,9,0,0,0.0,2.40,2.52,1.67,3.56,5.67,5.22,15.8,1.347,0.669,7.00
58000,792,6,24.0,0.0,2.8,0.0,9.3,0.0,1.00,1.3,4,1139,64.90,32.87,6,0,0,0.0,1.00,1.00,1.00,3.17,3.50,3.83,18.7,1.975,0.353,4.00
58000,777,6,53.6,16.2,0.7,2.2,9.3,0.5,6.13,0.7,6,632,30.93,7.09,1,5,0,0.5,7.33,3.11,7.11,4.83,6.00,6.00,31.0,1.237,0.567,6.00
58000,292,6,5.6,0.0,0.0,0.0,5.7,0.0,1.00,21.0,6,498,25.76,17.11,1,1,4,0.0,1.00,1.00,1.00,2.00,2.33,2.83,41.3,1.055,0.550,7.83
59000,580,615,26.3,0.4,6.4,0.0,6.2,0.0,1.14,1.5,350,685,31.93,28.87,324,161,130,0.1,1.15,1.10,1.15,2.50,3.70,3.79,27.3,1.973,0.536,4.12
59000,784,430,36.4,0.0,9.1,0.0,9.8,0.0,1.00,2.8,338,654,34.93,36.12,174,166,90,0.0,1.00,1.01,1.00,3.40,4.51,4.60,29.5,1.934,0.591,5.24
59000,7,236,52.4,16.4,7.7,4.0,7.7,1.8,5.48,2.5,185,1078,39.28,36.15,172,38,26,1.8,6.84,2.90,6.38,5.46,6.09,7.03,21.9,1.042,0.642,7.15
59000,339,112,20.3,1.5,2.2,0.0,11.9,0.0,1.45,9.9,89,960,62.48,27.20,51,38,23,0.0,1.26,1.56,1.53,3.36,4.82,4.85,28.6,1.194,0.566,7.12
59000,752,71,28.8,0.4,8.3,0.0,5.6,0.0,1.06,1.0,43,769,30.79,26.87,41,23,7,0.1,1.01,1.12,1.05,2.86,3.75,4.03,26.8,1.969,0.427,4.14
59000,710,69,6.3,0.1,0.1,0.0,4.4,0.0,1.04,19.5,30,421,21.43,7.55,69,0,0,0.0,1.05,1.05,1.03,1.75,2.51,1.88,15.0,1.380,0.632,7.07
59000,697,55,27.2,0.0,3.0,14.2,12.6,0.0,1.03,1.9,41,718,44.18,16.30,53,2,0,0.0,1.00,1.05,1.03,4.75,6.04,5.91,22.1,1.181,0.647,6.35
59000,601,45,24.3,1.1,2.2,0.5,13.4,0.0,1.27,8.0,39,1003,59.46,27.36,13,30,2,0.1,1.08,1.40,1.34,3.22,4.33,4.67,27.9,1.368,0.530,6.33
59000,783,41,20.7,0.0,2.9,0.0,7.7,0.0,1.00,2.7,33,1066,71.63,42.25,38,3,0,0.0,1.01,1.00,1.00,2.15,3.49,3.34,22.1,1.951,0.388,4.10
59000,810,35,29.3,4.3,4.2,0.3,10.8,0.8,2.26,6.6,31,1184,57.45,13.53,34,1,0,1.1,2.33,1.39,2.96,4.00,4.51,6.03,8.4,1.220,0.493,6.86
59000,603,31,13.3,0.0,0.0,1.1,14.0,0.0,1.00,16.0,17,253,12.43,2.70,31,0,0,0.0,1.00,1.00,1.00,3.35,4.55,4.94,13.4,0.906,0.426,8.65
59000,763,26,14.5,1.0,1.5,0.0,9.5,0.0,1.37,13.9,19,483,35.03,6.21,23,3,0,0.2,1.21,1.40,1.49,3.08,3.27,4.12,9.5,1.138,0.574,7.15
59000,635,26,12.9,0.0,0.0,0.0,10.3,0.0,1.00,14.8,11,364,15.89,6.52,26,0,0,0.0,1.00,1.00,1.00,2.04,4.15,2.62,11.3,1.235,0.563,7.08
59000,618,22,9.8,0.1,0.2,0.1,8.9,0.0,1.04,18.7,20,556,14.77,6.76,22,0,0,0.0,1.00,1.05,1.06,2.77,5.27,3.14,18.2,1.050,0.389,8.45
59000,748,19,9.9,0.5,0.0,0.3,6.2,0.0,1.18,13.8,13,610,32.06,12.75,19,0,0,0.0,1.21,1.21,1.14,2.05,3.53,2.95,17.3,1.388,0.592,6.58
59000,802,12,11.0,0.0,0.7,0.0,9.6,0.0,1.00,9.3,11,1411,52.80,21.71,12,0,0,0.0,1.00,1.00,1.00,2.42,2.75,4.67,19.0,1.092,0.615,6.00
59000,801,11,51.8,14.8,0.3,0.0,8.6,0.2,6.22,3.5,10,1879,153.14,57.89,5,6,0,0.2,6.27,6.42,6.20,3.55,5.64,4.73,26.4,1.401,0.661,6.00
59000,803,9,23.2,0.0,0.0,0.0,12.8,0.0,1.00,3.3,6,858,82.97,68.09,7,2,0,0.0,1.00,1.00,1.00,2.22,3.22,3.78,23.4,1.849,0.331,4.33
59000,777,7,58.7,18.3,0.6,2.0,10.3,0.4,6.81,0.0,7,807,68.17,18.58,0,7,0,0.4,8.57,3.96,7.36,4.86,5.86,5.86,33.2,1.213,0.584,5.86
59000,778,5,27.2,1.6,0.0,0.0,10.8,0.0,1.55,1.6,5,1085,93.16,76.60,5,0,0,0.0,1.85,1.00,1.67,1.80,3.20,4.00,21.1,1.952,0.294,4.00
60000,580,2213,25.2,0.2,6.8,0.0,5.4,0.0,1.08,1.8,1115,367,15.28,24.70,847,731,635,0.1,1.08,1.05,1.09,2.33,3.62,3.75,30.9,1.980,0.573,4.12
60000,811,1144,12.3,0.0,0.9,0.5,9.9,0.0,1.00,13.8,680,479,29.82,11.08,255,485,404,0.0,1.00,1.00,1.00,2.69,3.47,4.15,33.1,1.120,0.352,7.13
60000,7,270,51.7,16.3,7.1,3.4,8.2,1.6,5.71,2.6,210,1137,41.31,36.97,184,63,23,1.7,6.80,3.23,6.82,5.32,6.00,7.02,22.4,1.042,0.640,7.13
60000,784,225,31.3,0.0,8.0,0.0,8.2,0.0,1.00,3.7,191,1031,55.25,45.25,112,91,22,0.0,1.00,1.00,1.00,3.07,4.27,4.18,26.9,1.934,0.543,5.12
60000,339,91,17.3,1.0,1.9,0.0,10.6,0.0,1.34,11.6,74,805,54.63,20.54,50,34,7,0.0,1.25,1.47,1.33,3.16,5.00,4.03,24.5,1.186,0.568,7.27
60000,810,49,29.6,3.2,4.8,0.0,13.0,0.8,1.90,6.4,29,569,31.90,10.36,40,9,0,0.9,1.97,1.25,2.31,3.94,5.18,5.53,12.6,1.217,0.472,6.90
60000,783,24,20.4,0.2,1.0,0.0,8.9,0.0,1.12,2.9,19,879,68.44,40.43,23,1,0,0.0,1.16,1.04,1.15,2.17,3.25,3.46,22.0,1.963,0.370,4.04
60000,710,22,11.7,0.0,0.0,0.0,9.3,0.0,1.00,16.9,17,103,9.28,5.28,12,10,0,0.0,1.00,1.00,1.00,2.18,3.14,3.23,24.7,1.223,0.518,7.41
60000,752,19,23.0,0.9,5.5,0.0,4.4,0.0,1.23,4.0,18,1258,60.98,48.88,7,11,1,0.1,1.35,1.28,1.19,2.47,3.21,3.63,28.6,1.965,0.487,4.37
60000,697,19,22.7,0.0,2.3,12.3,11.0,0.0,1.00,6.4,16,645,39.61,10.39,19,0,0,0.0,1.00,1.00,1.00,3.95,5.42,5.26,21.1,1.186,0.654,6.95
60000,763,19,16.1,0.0,0.5,0.0,13.8,0.0,1.00,10.1,16,548,22.38,4.63,19,0,0,0.0,1.00,1.00,1.00,3.26,3.63,4.79,10.4,1.131,0.571,6.74
60000,635,18,10.6,0.1,0.1,0.0,8.8,0.0,1.04,16.0,14,445,27.80,12.55,18,0,0,0.1,1.00,1.13,1.03,2.17,3.56,3.00,12.4,1.163,0.550,7.28
60000,601,14,15.9,2.3,1.1,0.1,6.4,0.0,2.06,11.0,13,1119,112.59,56.55,6,8,0,0.1,1.53,1.93,2.63,2.71,3.64,3.93,24.6,1.315,0.625,6.36
60000,603,12,16.7,0.0,0.2,3.8,15.5,0.0,1.00,12.0,12,376,13.74,4.44,12,0,0,0.0,1.00,1.00,1.00,3.33,4.25,4.58,15.2,0.915,0.458,7.42
60000,802,9,21.2,0.4,3.7,0.6,12.1,0.0,1.00,6.9,8,407,8.28,7.00,9,0,0,0.0,1.00,1.00,1.00,3.67,4.00,4.33,19.2,1.214,0.607,5.89
60000,815,9,3.4,0.0,0.0,0.0,2.2,0.0,1.00,13.3,7,519,21.48,6.02,9,0,0,0.0,1.00,1.00,1.00,1.44,1.78,1.56,17.4,1.535,0.493,5.00
60000,777,8,57.7,18.1,0.5,1.8,9.9,0.4,6.89,0.0,7,1700,181.86,30.08,0,8,0,0.4,8.62,4.39,7.26,5.00,5.75,5.75,33.4,1.214,0.586,5.75
60000,618,7,7.5,1.0,0.0,0.0,6.3,0.0,1.68,21.4,6,670,23.40,4.98,7,0,0,0.0,1.51,1.72,1.77,2.86,7.86,4.14,17.2,0.908,0.410,9.00
60000,778,5,27.2,1.6,0.0,0.0,10.8,0.0,1.55,1.6,5,2085,154.57,107.80,5,0,0,0.0,1.85,1.00,1.67,2.40,3.20,4.00,21.1,1.952,0.294,4.00
60000,748,5,35.5,7.2,0.0,0.8,10.4,0.0,3.38,8.4,5,743,31.38,11.51,5,0,0,0.0,3.83,3.43,3.09,2.60,5.40,4.80,15.9,1.353,0.666,7.00
61000,580,3192,23.6,0.1,5.9,0.0,5.7,0.0,1.03,2.1,1420,370,15.93,23.82,1115,1154,923,0.0,1.04,1.02,1.04,2.13,3.50,3.63,31.4,1.991,0.582,4.07
61000,811,940,11.2,0.1,0.4,0.6,9.0,0.0,1.03,15.4,482,478,28.13,10.08,226,408,306,0.0,1.04,1.01,1.03,2.51,3.33,3.66,32.4,1.132,0.343,7.27
61000,7,347,50.2,16.3,6.0,3.6,7.6,1.5,5.77,3.1,247,1214,41.81,41.47,255,65,27,1.5,6.81,3.16,7.01,5.43,5.72,7.04,22.3,1.043,0.642,7.13
61000,339,89,17.5,2.4,1.0,0.0,8.7,0.0,1.87,14.3,66,608,30.29,11.43,48,21,20,0.1,1.99,2.23,1.74,2.94,4.39,3.64,25.8,1.213,0.553,7.42
61000,635,69,9.4,0.2,0.0,0.0,7.8,0.0,1.16,16.5,50,234,14.73,6.69,68,1,0,0.0,1.12,1.17,1.19,2.12,2.91,3.12,13.8,1.136,0.510,7.12
61000,784,62,32.9,0.0,8.1,0.0,8.8,0.0,1.00,2.2,50,1052,50.72,30.83,33,29,0,0.0,1.00,1.00,1.00,3.35,4.35,4.47,24.0,1.937,0.403,4.92
61000,810,43,30.8,4.4,4.9,0.0,11.2,1.0,2.24,5.5,39,883,39.19,12.39,38,5,0,1.3,2.26,1.49,2.82,4.16,4.53,5.95,10.6,1.215,0.486,6.58
61000,819,39,16.8,0.0,0.0,0.4,10.7,0.0,1.00,12.7,30,440,19.47,8.29,17,21,1,0.0,1.00,1.00,1.00,2.97,3.33,4.03,26.8,1.539,0.340,6.85
61000,710,24,6.8,1.0,0.0,0.2,4.2,0.0,1.67,18.7,18,318,15.54,5.73,22,2,0,0.0,1.46,1.79,1.71,1.83,2.58,2.62,21.7,1.061,0.536,7.25
61000,763,17,14.5,0.0,1.1,0.4,12.1,0.0,1.00,10.9,14,851,41.88,9.47,16,1,0,0.0,1.00,1.00,1.00,2.76,4.12,4.18,10.9,1.088,0.573,6.88
61000,805,9,44.5,10.1,1.6,0.6,7.1,0.4,4.78,5.1,9,1895,117.28,39.22,9,0,0,0.4,5.12,4.85,4.60,4.33,4.56,4.89,14.9,1.478,0.515,6.00
61000,752,9,21.8,1.9,3.0,0.0,4.4,0.0,1.75,6.7,9,1552,107.83,59.10,0,9,0,0.7,1.60,2.21,1.57,2.44,2.89,3.44,31.8,1.944,0.553,4.78
61000,783,8,18.2,0.1,1.1,0.1,7.9,0.0,1.04,4.2,8,986,81.73,44.02,8,0,0,0.0,1.08,1.00,1.03,2.25,3.12,3.25,22.1,1.961,0.344,4.25
61000,697,7,21.8,0.0,3.4,13.7,9.3,0.0,1.00,7.4,7,1286,53.87,12.33,6,1,0,0.0,1.00,1.00,1.00,4.29,5.14,4.86,21.6,1.163,0.659,6.86
61000,778,5,20.6,0.0,0.0,0.0,11.2,0.0,1.00,2.4,3,784,22.00,44.83,5,0,0,0.0,1.00,1.00,1.00,3.40,3.20,3.80,17.4,1.843,0.624,4.00
62000,580,2122,23.2,0.1,6.2,0.0,5.2,0.0,1.03,2.5,1129,207,8.52,18.88,631,672,819,0.0,1.03,1.02,1.03,2.47,3.46,3.60,33.3,1.997,0.742,4.14
62000,811,764,9.6,0.1,0.3,0.4,7.8,0.0,1.04,17.2,469,377,21.33,7.91,173,375,216,0.0,1.05,1.03,1.05,2.35,3.05,3.32,32.8,1.129,0.361,7.40
62000,7,367,47.1,15.7,4.8,2.6,7.6,1.2,5.91,3.8,252,1273,40.32,37.00,285,70,12,1.2,6.56,3.55,7.36,5.04,5.39,7.01,21.3,1.041,0.638,7.10
62000,339,95,20.8,3.7,0.6,0.0,9.6,0.0,2.17,12.7,74,516,33.62,10.65,11,26,58,0.0,1.84,2.93,2.12,2.96,5.14,3.84,42.2,1.180,0.577,7.54
62000,810,32,37.2,7.6,5.8,0.0,9.4,1.6,3.33,5.8,27,1250,52.23,17.02,29,3,0,1.8,3.21,1.81,4.66,4.34,4.50,6.47,9.4,1.213,0.480,6.91
62000,635,26,6.4,0.3,0.1,0.0,5.0,0.0,1.21,18.3,20,459,16.77,11.48,25,1,0,0.1,1.27,1.28,1.20,1.62,2.42,2.42,16.4,1.129,0.484,7.00
62000,784,21,29.0,0.0,6.4,0.0,8.7,0.0,1.00,3.9,21,1150,47.00,18.36,17,4,0,0.0,1.00,1.00,1.00,3.19,4.10,4.57,18.9,1.922,0.371,5.29
62000,819,20,17.9,0.0,0.2,0.1,11.3,0.0,1.00,13.3,18,712,34.86,12.22,13,7,0,0.0,1.00,1.00,1.00,3.20,3.85,3.70,25.2,1.545,0.332,7.10
62000,710,16,10.9,4.2,0.0,0.2,2.1,0.0,3.93,16.9,11,649,27.25,10.33,8,8,0,0.0,3.10,3.32,5.55,2.06,2.69,3.00,26.2,1.023,0.542,6.94
62000,802,15,11.3,0.3,1.3,0.0,7.6,0.0,1.08,10.9,15,551,21.87,9.63,15,0,0,0.1,1.07,1.09,1.09,2.47,3.53,3.13,19.1,1.182,0.542,6.00
62000,771,11,10.1,0.0,2.5,0.0,2.6,0.0,1.00,6.9,11,1741,86.19,53.98,6,4,1,0.0,1.00,1.00,1.00,1.36,2.18,2.36,27.9,1.992,0.633,4.00
62000,763,9,19.3,0.0,1.2,0.1,17.4,0.0,1.00,9.8,8,645,33.66,4.19,9,0,0,0.0,1.00,1.00,1.00,3.67,4.56,5.67,11.3,1.043,0.591,7.56
62000,752,7,22.3,1.9,4.0,0.0,3.7,0.0,1.73,3.7,7,971,66.57,37.83,0,7,0,0.4,1.14,2.06,1.86,2.57,3.86,3.86,32.0,1.955,0.547,4.57
63000,580,2269,22.7,0.0,6.0,0.0,5.4,0.0,1.00,2.8,1194,296,13.70,22.18,666,910,693,0.0,1.00,1.00,1.00,2.54,3.45,3.56,31.9,1.999,0.796,4.19
63000,811,643,10.2,0.0,0.3,0.3,8.7,0.0,1.01,16.8,371,325,18.25,6.93,206,278,159,0.0,1.02,1.01,1.02,2.48,3.26,3.54,31.9,1.101,0.375,7.51
63000,7,419,47.8,15.7,5.3,2.1,8.0,1.2,6.01,3.8,281,1268,44.61,34.57,316,81,22,1.2,6.62,3.67,7.48,5.22,5.43,6.99,21.7,1.041,0.634,7.08
63000,339,130,20.3,3.5,0.9,0.0,9.4,0.0,2.34,13.8,103,813,51.15,19.11,17,19,94,0.0,2.27,2.92,2.23,3.04,4.70,3.85,44.5,1.167,0.577,7.60
63000,819,20,28.5,0.0,0.0,0.0,19.7,0.0,1.00,9.4,12,319,18.20,6.81,11,9,0,0.0,1.00,1.00,1.00,3.65,4.65,4.65,25.1,1.457,0.321,7.00
63000,763,15,15.1,0.9,0.0,2.6,10.8,0.0,1.24,11.3,13,210,11.78,2.75,3,12,0,0.0,1.00,1.33,1.30,2.80,3.53,4.27,28.3,1.102,0.627,6.73
63000,810,12,10.6,0.7,0.0,2.8,5.9,0.0,1.21,9.2,12,660,28.44,4.18,12,0,0,0.0,1.28,1.28,1.00,2.42,3.83,4.25,3.0,1.258,0.508,6.17
63000,752,6,26.2,2.2,3.0,0.0,6.2,0.0,1.87,6.0,6,1061,82.44,52.53,0,6,0,0.2,2.11,2.40,1.65,2.17,3.67,3.17,33.3,1.944,0.550,4.83
64000,580,2616,22.3,0.0,5.6,0.0,5.4,0.0,1.01,2.7,1269,311,11.92,21.96,773,1109,734,0.0,1.02,1.01,1.02,2.49,3.40,3.55,31.2,2.000,0.813,4.12
64000,811,985,9.3,0.0,0.5,0.2,7.9,0.0,1.00,16.8,422,252,13.84,5.63,297,371,317,0.0,1.00,1.00,1.00,2.30,3.00,3.37,32.6,1.100,0.372,7.33
64000,7,521,46.1,14.8,5.6,1.5,8.0,1.2,5.76,4.0,359,1034,39.28,33.90,262,165,94,1.3,6.23,3.60,7.24,5.07,5.34,6.86,28.1,1.045,0.625,7.06
64000,339,131,15.5,2.5,0.5,0.0,7.8,0.0,1.99,15.3,84,711,46.74,21.04,12,16,103,0.0,1.94,2.43,1.90,2.76,4.15,3.55,47.2,1.153,0.585,7.60
64000,819,27,13.7,0.4,0.2,0.3,8.7,0.0,1.32,13.6,25,301,13.79,6.72,7,11,9,0.0,1.30,1.44,1.30,2.48,3.52,3.33,32.6,1.387,0.317,6.70
64000,763,25,10.9,0.9,0.1,0.5,8.4,0.0,1.47,11.8,24,345,12.54,9.79,20,5,0,0.0,1.30,1.49,1.58,2.68,3.60,4.00,22.0,1.033,0.590,6.56
64000,802,10,19.4,0.0,1.0,0.0,13.9,0.0,1.00,9.4,10,448,20.05,10.36,10,0,0,0.0,1.00,1.00,1.00,3.40,4.40,5.00,20.5,1.292,0.537,6.90
65000,580,1611,23.5,0.0,5.8,0.0,5.9,0.0,1.01,2.7,936,337,13.14,25.81,373,638,600,0.0,1.02,1.01,1.01,2.54,3.48,3.64,34.1,2.000,0.733,4.24
65000,811,800,11.1,0.1,0.2,0.1,9.5,0.0,1.02,15.6,405,307,16.02,6.01,287,282,231,0.0,1.03,1.03,1.02,2.52,3.04,3.93,31.5,1.113,0.364,7.31
65000,7,758,45.9,13.7,6.2,1.6,9.5,1.4,5.34,4.0,489,1010,38.79,33.62,338,267,153,1.4,5.81,3.32,6.69,5.01,5.51,6.83,29.3,1.045,0.624,7.09
65000,339,74,14.6,2.5,0.1,0.1,7.1,0.0,2.21,14.8,59,848,53.71,20.55,1,6,67,0.0,2.59,2.75,2.09,2.86,4.23,3.51,48.4,1.176,0.564,7.39
65000,819,29,14.8,0.0,0.8,0.3,9.1,0.0,1.01,13.0,28,406,20.91,10.13,23,6,0,0.0,1.00,1.02,1.01,2.79,3.10,3.83,21.6,1.463,0.305,6.66
66000,7,933,46.8,14.1,6.9,1.6,9.2,1.5,5.46,3.5,581,1124,47.42,35.18,398,266,269,1.6,5.98,3.32,6.85,5.07,5.58,6.90,30.9,1.040,0.622,7.05
66000,811,845,11.6,0.1,0.3,0.2,9.9,0.0,1.04,14.0,484,299,16.05,6.33,288,424,133,0.0,1.04,1.04,1.04,2.65,3.08,4.12,29.7,1.103,0.367,7.04
66000,580,702,21.9,0.0,4.8,0.0,6.1,0.0,1.02,3.7,479,548,22.44,27.84,142,279,281,0.0,1.02,1.02,1.02,2.48,3.31,3.47,35.6,2.000,0.624,4.29
66000,894,114,23.9,0.0,8.7,0.0,3.3,0.0,1.00,1.7,64,228,5.99,27.25,81,33,0,0.0,1.00,1.00,1.00,2.46,3.49,3.68,18.1,2.000,0.403,4.01
66000,339,58,18.9,2.5,0.1,0.3,10.5,0.0,1.89,11.4,44,389,23.04,9.78,0,6,52,0.0,1.41,2.40,1.96,3.38,5.78,3.86,41.9,1.213,0.499,7.60
66000,881,14,16.5,2.1,1.4,0.0,2.7,0.4,2.43,4.9,13,1036,51.64,27.44,1,0,13,0.4,2.43,1.80,2.98,1.86,2.86,3.00,42.5,1.997,0.513,4.07
66000,880,5,24.8,0.0,0.4,0.0,12.0,0.0,1.00,1.2,5,1681,55.68,5.24,5,0,0,0.0,1.00,1.00,1.00,1.40,3.60,3.80,20.9,1.997,0.870,4.00
66000,819,5,15.5,0.0,0.4,0.0,9.4,0.0,1.00,11.2,5,1129,31.16,16.12,5,0,0,0.0,1.00,1.00,1.00,2.80,2.60,4.80,17.4,1.578,0.330,6.40
66000,842,5,45.1,2.0,0.0,0.0,22.0,0.0,1.46,0.0,4,1020,102.64,44.96,5,0,0,0.0,1.80,1.08,1.48,3.80,5.00,5.00,17.4,1.735,0.191,5.00
67000,7,1419,47.8,13.6,7.2,1.9,10.7,1.5,5.22,3.1,833,995,47.83,34.26,571,468,380,1.6,5.81,3.05,6.54,5.27,5.72,6.93,30.8,1.037,0.618,7.06
67000,811,774,12.4,0.0,0.3,0.5,10.7,0.0,1.02,13.3,408,476,21.61,8.68,219,373,182,0.0,1.02,1.02,1.02,2.83,3.29,4.29,31.5,1.106,0.378,7.01
67000,580,150,23.4,0.2,4.8,0.0,6.6,0.0,1.05,3.1,125,916,34.31,33.84,19,80,51,0.0,1.09,1.01,1.04,2.78,3.51,3.75,36.4,2.000,0.629,4.40
67000,894,51,18.9,0.0,5.9,0.0,3.6,0.0,1.00,3.3,41,908,31.52,48.95,36,15,0,0.0,1.00,1.00,1.00,2.31,3.08,3.31,14.4,2.000,0.505,4.00
67000,819,24,15.7,0.0,0.2,0.0,12.0,0.0,1.00,13.2,21,539,22.65,9.24,20,4,0,0.0,1.00,1.00,1.00,2.67,3.71,3.88,22.0,1.287,0.350,7.08
67000,339,21,18.9,4.6,0.0,0.3,6.3,0.0,3.20,14.5,21,1260,59.53,22.00,0,5,16,0.0,2.62,4.03,3.17,2.76,4.71,3.67,39.5,1.212,0.494,7.52
67000,951,14,27.2,6.6,2.9,0.0,6.4,1.0,3.26,7.3,14,1607,98.48,53.42,14,0,0,1.6,2.77,1.71,5.12,3.79,4.14,6.00,14.2,1.225,0.486,6.71
67000,842,9,42.8,3.2,0.0,0.0,18.0,0.0,1.88,0.0,8,1346,87.66,33.35,9,0,0,0.0,2.51,1.09,1.96,3.89,4.78,4.78,17.8,1.753,0.205,4.78
68000,7,1834,48.0,13.5,7.4,1.9,10.9,1.6,5.13,3.0,1073,1104,52.56,34.74,629,631,574,1.6,5.72,2.95,6.42,5.23,5.79,6.91,31.6,1.036,0.618,7.06
68000,811,530,13.4,0.0,0.5,0.2,11.5,0.0,1.01,12.8,319,631,28.97,10.53,216,237,77,0.0,1.00,1.01,1.01,3.11,3.49,4.49,28.6,1.109,0.374,7.08
68000,894,33,23.6,0.0,6.5,0.0,5.3,0.0,1.00,2.0,20,1182,42.97,60.37,33,0,0,0.0,1.00,1.00,1.00,2.18,3.30,3.70,4.8,2.000,0.526,4.00
68000,819,33,26.8,0.4,0.0,0.0,20.5,0.0,1.13,9.3,27,641,25.00,8.80,25,8,0,0.0,1.15,1.08,1.14,3.94,5.06,4.33,22.8,1.266,0.311,7.03
68000,580,29,25.4,0.0,4.0,0.0,8.8,0.0,1.00,2.6,25,981,37.00,31.64,4,21,4,0.0,1.00,1.00,1.00,2.62,3.59,3.69,33.3,2.000,0.721,4.28
68000,339,15,19.5,4.7,0.0,0.3,7.0,0.0,3.03,14.4,13,1321,45.41,18.98,0,2,13,0.0,2.36,3.80,3.09,2.80,3.60,4.13,41.2,1.169,0.515,7.40
68000,842,9,42.1,5.7,0.0,0.0,13.3,0.0,2.92,0.9,9,1459,91.15,30.20,9,0,0,0.0,3.82,1.67,3.09,3.78,4.78,4.56,17.2,1.714,0.208,4.89
68000,951,5,29.5,9.0,3.0,0.0,3.2,1.0,4.42,6.8,5,1769,56.19,20.34,5,0,0,1.6,3.43,2.46,7.51,3.00,3.60,7.00,13.4,1.219,0.468,7.00
69000,7,1902,48.3,13.6,7.1,1.9,11.1,1.5,5.16,2.9,1082,1313,62.43,35.88,618,615,669,1.6,5.79,3.00,6.40,5.23,5.80,6.89,32.1,1.035,0.617,7.05
69000,1066,767,38.5,0.0,8.6,0.0,10.5,0.0,1.00,1.1,344,518,25.62,43.78,274,255,238,0.0,1.01,1.01,1.00,3.42,4.44,4.45,31.4,2.000,0.187,4.73
69000,811,592,15.6,0.0,0.5,0.6,13.3,0.0,1.01,11.2,345,641,27.88,10.56,327,215,50,0.0,1.01,1.01,1.01,3.21,3.94,4.76,25.3,1.101,0.379,7.10
69000,819,50,30.7,0.0,0.0,0.0,24.7,0.0,1.01,9.0,29,636,26.87,10.11,31,19,0,0.0,1.01,1.01,1.00,3.94,5.12,4.82,25.2,1.243,0.295,7.22
69000,339,49,11.6,0.4,0.0,0.1,9.1,0.0,1.16,18.2,23,296,10.92,5.33,0,11,38,0.0,1.06,1.20,1.21,2.53,2.84,3.71,39.8,1.160,0.520,7.84
69000,894,44,22.8,0.0,4.7,0.0,6.7,0.0,1.00,2.0,31,636,26.06,26.85,28,16,0,0.0,1.00,1.00,1.00,2.14,3.52,3.45,19.0,2.000,0.385,4.00
69000,580,20,27.1,0.0,3.8,0.0,9.8,0.0,1.00,2.1,16,1840,59.37,35.46,3,17,0,0.0,1.00,1.00,1.00,2.65,3.65,4.00,33.3,2.000,0.800,4.35
69000,1073,11,28.9,0.0,6.2,0.0,8.3,0.0,1.00,3.1,10,1399,50.63,34.47,7,4,0,0.0,1.00,1.00,1.00,2.64,4.27,3.91,25.9,2.000,0.768,4.82
70000,7,1744,47.4,13.4,6.6,2.0,11.2,1.4,5.13,3.2,1065,1353,67.47,35.23,570,569,605,1.5,5.69,3.03,6.41,5.10,5.71,6.87,31.9,1.033,0.616,7.05
70000,1066,792,40.4,0.1,9.2,0.0,10.7,0.0,1.03,0.9,370,828,38.68,46.85,251,279,262,0.0,1.01,1.06,1.03,3.45,4.58,4.57,32.3,2.000,0.192,4.79
70000,811,521,14.8,0.1,0.5,0.2,12.8,0.0,1.05,12.4,317,585,28.63,12.39,269,226,26,0.0,1.03,1.09,1.05,3.23,3.69,4.67,25.6,1.095,0.408,7.19
70000,339,49,12.1,0.0,0.0,0.0,10.0,0.0,1.00,15.6,35,672,24.50,10.76,0,21,28,0.0,1.00,1.00,1.00,2.67,4.37,3.06,38.0,1.200,0.496,7.61
70000,1172,42,17.9,0.0,2.8,0.0,13.9,0.0,1.00,18.0,26,531,34.58,7.95,27,12,3,0.0,1.00,1.00,1.00,3.07,4.74,4.17,22.9,1.052,0.440,8.93
70000,819,28,21.5,0.0,0.0,0.0,17.4,0.0,1.01,11.1,25,1061,59.64,33.59,14,13,1,0.0,1.02,1.02,1.01,3.57,4.61,4.00,26.4,1.223,0.283,7.07
70000,894,27,18.7,0.0,4.1,0.0,5.3,0.0,1.00,3.1,22,1383,39.21,40.39,16,11,0,0.0,1.00,1.00,1.00,2.07,3.37,3.07,17.2,2.000,0.413,4.00
70000,1182,13,45.2,0.0,0.4,0.0,22.3,0.0,1.00,0.6,6,223,16.99,6.33,1,6,6,0.0,1.00,1.00,1.00,3.62,4.77,4.92,35.5,1.993,0.907,5.00
70000,580,8,26.7,0.0,0.6,0.0,12.8,0.0,1.00,1.8,6,265,18.40,11.89,0,1,7,0.0,1.00,1.00,1.00,3.62,3.62,3.75,43.4,2.000,0.629,4.12
70000,1073,6,27.3,0.0,3.0,0.0,10.7,0.0,1.00,6.3,6,1742,74.99,34.11,1,5,0,0.0,1.00,1.00,1.00,3.00,5.17,3.17,27.0,2.000,0.766,5.50
71000,7,1447,48.3,13.7,7.0,1.8,11.3,1.5,5.15,3.0,943,1313,68.97,34.30,459,506,482,1.5,5.80,2.99,6.37,5.20,5.81,6.89,31.7,1.032,0.618,7.06
71000,1066,1195,39.7,0.1,8.7,0.0,11.0,0.0,1.02,1.1,579,790,33.60,35.63,555,283,357,0.0,1.01,1.04,1.02,3.44,4.56,4.54,29.9,2.000,0.179,4.81
71000,811,253,14.0,0.1,0.2,0.7,12.6,0.0,1.02,11.9,151,631,32.64,12.67,104,136,13,0.0,1.02,1.02,1.03,3.09,3.44,4.87,26.7,1.047,0.459,7.06
71000,339,52,12.5,0.0,0.0,0.5,10.0,0.0,1.00,13.9,42,360,20.90,11.86,5,34,13,0.0,1.00,1.00,1.00,2.60,5.08,2.98,32.7,1.224,0.461,7.44
71000,819,20,17.5,0.0,0.0,0.0,14.5,0.0,1.00,11.6,20,843,51.12,29.70,10,10,0,0.0,1.00,1.00,1.00,3.10,4.25,3.75,26.7,1.225,0.348,6.90
71000,1141,20,24.4,1.5,0.0,0.0,10.1,0.0,1.67,3.9,15,1132,63.80,43.16,10,8,2,0.0,1.84,1.84,1.58,2.25,4.00,3.60,26.6,1.880,0.652,4.70
71000,1172,18,12.7,0.0,0.3,0.0,11.8,0.0,1.00,20.7,10,788,42.74,11.24,10,2,6,0.0,1.00,1.00,1.00,3.06,4.50,3.22,26.7,1.049,0.453,8.94
71000,894,14,24.0,0.0,5.9,0.0,6.1,0.0,1.00,1.4,12,1102,27.12,21.41,3,10,1,0.0,1.00,1.00,1.00,2.07,3.64,3.71,27.4,2.000,0.300,4.00
71000,1212,9,26.2,0.0,6.4,0.0,6.7,0.0,1.00,1.8,9,759,68.43,26.37,9,0,0,0.0,1.00,1.00,1.00,2.44,4.11,3.89,17.3,2.000,0.793,4.44
71000,580,5,66.8,9.2,0.0,0.0,15.0,0.0,2.98,0.0,5,828,50.87,7.59,0,0,5,0.0,4.60,1.32,3.00,4.00,5.00,5.00,57.0,2.000,0.419,5.00
72000,1066,1343,39.8,0.0,8.5,0.0,11.3,0.0,1.00,1.0,606,713,31.67,33.22,544,377,422,0.0,1.00,1.01,1.00,3.46,4.54,4.55,30.8,2.000,0.188,4.78
72000,7,1221,46.9,13.3,6.9,1.8,10.8,1.4,5.05,3.4,823,1326,71.37,34.32,415,430,376,1.5,5.65,2.95,6.26,5.22,5.70,6.81,31.3,1.026,0.618,7.07
72000,811,256,12.9,0.2,0.1,0.1,12.1,0.0,1.05,14.9,127,595,33.87,12.90,143,108,5,0.0,1.07,1.00,1.06,3.01,3.05,4.79,22.3,1.011,0.465,7.44
72000,1172,43,15.4,0.0,2.0,0.0,12.4,0.0,1.00,18.9,28,259,17.03,4.80,25,7,11,0.0,1.00,1.00,1.00,3.21,4.19,4.37,24.4,1.059,0.452,9.00
72000,1212,14,24.9,0.0,3.4,0.0,9.1,0.0,1.00,3.0,13,512,21.65,16.67,14,0,0,0.0,1.00,1.00,1.00,2.64,3.36,3.57,2.9,2.000,0.485,4.21
72000,1257,13,34.8,0.0,10.8,0.0,6.6,0.0,1.00,2.0,13,692,16.12,21.21,2,10,1,0.0,1.00,1.00,1.00,3.31,4.38,4.77,32.1,2.000,0.579,5.08
72000,819,10,30.0,0.0,0.1,0.0,24.0,0.0,1.00,9.4,9,575,75.75,31.71,10,0,0,0.0,1.00,1.00,1.00,4.30,5.60,4.90,21.2,1.212,0.307,7.60
72000,1258,9,36.9,2.2,4.1,0.0,9.9,0.0,1.71,4.2,9,1818,74.24,16.18,9,0,0,0.3,2.02,1.13,1.86,3.22,4.44,4.56,20.1,1.999,0.881,5.56
72000,580,7,61.4,8.4,0.0,0.0,13.9,0.0,3.24,0.0,7,987,74.40,31.43,0,0,7,0.0,4.57,2.00,3.20,3.43,4.86,4.86,56.3,2.000,0.419,4.86
72000,339,7,7.4,0.0,0.0,0.0,5.6,0.0,1.00,19.4,7,308,12.70,3.79,4,1,2,0.0,1.00,1.00,1.00,2.14,4.29,2.43,27.8,1.299,0.432,7.86
72000,894,5,19.2,0.0,5.2,0.0,4.4,0.0,1.00,2.8,5,1872,59.10,63.82,1,4,0,0.0,1.00,1.00,1.00,1.40,3.60,3.20,27.5,2.000,0.271,4.00
72000,1141,5,23.9,0.4,0.0,0.0,11.8,0.0,1.15,3.6,3,1041,54.70,37.91,0,3,2,0.0,1.20,1.13,1.13,2.40,3.60,3.60,33.9,1.904,0.605,4.40
73000,1066,1076,40.3,0.0,8.4,0.0,11.7,0.0,1.00,0.9,481,921,45.57,39.34,501,312,263,0.0,1.00,1.00,1.00,3.53,4.56,4.60,28.9,2.000,0.189,4.80
73000,7,863,48.0,13.9,6.7,2.5,10.4,1.5,5.24,3.0,597,1404,68.83,31.53,313,304,246,1.5,5.85,3.05,6.48,5.21,5.77,6.91,30.6,1.034,0.620,7.05
73000,811,226,12.4,0.1,0.3,0.2,11.4,0.0,1.04,13.9,117,541,23.72,10.43,122,72,32,0.0,1.01,1.06,1.04,2.95,2.73,4.96,23.0,1.019,0.483,7.20
73000,1212,24,22.7,0.0,2.5,0.0,8.8,0.0,1.00,2.3,20,683,36.85,28.46,24,0,0,0.0,1.00,1.00,1.00,2.75,3.50,3.50,1.5,2.000,0.405,4.08
73000,580,15,44.3,4.1,0.0,0.0,14.0,0.0,2.32,2.0,13,863,39.79,17.18,0,0,15,0.0,2.85,1.67,2.38,3.40,4.47,4.60,59.7,2.000,0.346,5.00
73000,1311,13,48.3,0.0,11.2,0.0,12.9,0.0,1.00,0.8,8,1380,56.09,42.51,10,2,1,0.0,1.00,1.00,1.00,4.08,5.15,5.08,21.4,2.000,0.248,5.31
73000,1318,8,9.8,1.0,0.0,0.0,5.8,0.0,1.48,25.8,8,1606,40.93,6.14,0,5,3,0.0,1.22,1.25,2.44,2.62,2.88,3.75,35.3,1.276,0.757,9.50
73000,1172,6,20.4,0.0,5.7,0.2,10.7,0.0,1.00,14.7,6,553,26.30,2.20,4,2,0,0.0,1.00,1.00,1.00,2.33,3.67,5.00,23.0,1.188,0.448,8.00
73000,819,5,18.4,0.0,0.0,0.0,15.0,0.0,1.00,13.6,5,1720,167.00,64.46,5,0,0,0.0,1.00,1.00,1.00,2.60,3.60,4.00,21.8,1.181,0.331,7.20
73000,1257,5,25.2,0.0,7.2,0.0,5.4,0.0,1.00,4.0,5,1783,29.31,40.22,2,3,0,0.0,1.00,1.00,1.00,3.00,4.00,4.00,26.7,2.000,0.539,5.00
74000,1066,748,40.0,0.0,9.0,0.0,11.0,0.0,1.00,1.1,355,981,46.65,36.46,447,180,121,0.0,1.00,1.00,1.00,3.48,4.57,4.56,26.0,2.000,0.184,4.84
74000,7,531,49.3,14.6,6.5,2.3,10.6,1.6,5.43,2.9,380,1509,64.02,30.51,249,143,139,1.6,6.03,3.21,6.74,5.16,5.81,6.98,28.2,1.037,0.621,7.08
74000,811,190,13.4,0.2,0.3,0.4,12.0,0.0,1.06,13.1,98,561,25.37,8.58,139,31,20,0.0,1.03,1.11,1.05,2.89,3.13,4.55,19.6,1.035,0.480,7.08
74000,580,11,28.9,0.9,0.0,0.0,12.6,0.0,1.18,1.6,8,950,30.38,5.24,0,0,11,0.0,1.13,1.38,1.10,2.91,4.27,4.09,52.7,1.997,0.507,4.55
74000,1212,8,21.0,0.0,0.0,0.0,10.5,0.0,1.00,2.8,6,903,52.00,44.57,8,0,0,0.0,1.00,1.00,1.00,2.88,3.00,3.62,1.4,2.000,0.294,4.00
74000,1311,7,45.7,0.3,11.0,0.0,11.3,0.0,1.04,0.6,4,1777,64.66,39.95,4,1,2,0.1,1.00,1.18,1.00,3.71,4.86,4.86,25.6,2.000,0.305,5.00
74000,1339,7,71.4,0.0,21.9,0.0,13.9,0.0,1.00,0.0,3,1374,52.18,23.54,3,3,1,0.0,1.00,1.00,1.00,4.86,6.00,6.00,28.3,2.000,0.366,6.00
74000,1346,6,34.3,0.0,0.0,0.0,17.2,0.0,1.00,1.3,5,361,9.28,18.04,3,1,2,0.0,1.00,1.00,1.00,2.67,4.17,4.17,29.0,2.000,0.564,4.50
75000,1066,361,38.9,0.0,8.5,0.0,10.9,0.0,1.00,1.2,205,769,42.65,31.52,296,48,17,0.0,1.00,1.00,1.00,3.40,4.50,4.52,20.6,2.000,0.162,4.81
75000,7,207,49.1,14.8,6.6,2.3,10.3,1.6,5.46,3.0,156,1462,77.02,37.50,167,37,3,1.6,6.22,3.08,6.78,5.01,5.78,6.93,18.8,1.032,0.625,7.06
75000,811,145,11.6,0.3,0.2,0.2,10.3,0.0,1.10,14.0,63,349,18.71,7.19,124,18,3,0.0,1.08,1.14,1.10,2.72,3.21,3.72,17.6,1.032,0.509,6.97
75000,1355,118,10.7,0.3,0.8,0.1,8.1,0.0,1.11,18.0,55,335,16.23,8.33,94,21,3,0.0,1.09,1.17,1.09,2.64,3.12,4.42,21.9,1.118,0.440,8.10
75000,1346,9,16.9,0.0,1.2,0.0,7.2,0.0,1.00,4.4,8,780,37.27,33.77,6,2,1,0.0,1.00,1.00,1.00,2.11,2.89,3.56,24.4,1.999,0.542,4.33
75000,1361,8,48.5,6.9,4.2,0.0,6.2,1.4,2.80,0.2,7,1330,104.44,15.07,8,0,0,1.4,3.76,1.59,2.93,3.00,4.62,4.50,14.4,2.000,0.514,4.62
75000,1311,6,41.0,0.0,7.0,0.0,13.5,0.0,1.00,1.0,6,784,25.95,20.33,5,1,0,0.0,1.00,1.00,1.00,3.67,4.67,4.50,21.0,2.000,0.328,4.83
75000,1339,5,72.0,0.0,24.4,0.0,11.6,0.0,1.00,0.0,3,2057,91.52,24.18,3,1,1,0.0,1.00,1.00,1.00,6.80,6.00,6.00,27.3,2.000,0.418,6.00
76000,811,337,15.5,0.2,0.5,0.1,13.9,0.0,1.09,11.7,169,370,22.15,6.18,186,101,50,0.0,1.07,1.10,1.09,3.19,3.65,4.53,24.9,1.040,0.484,6.99
76000,1066,312,39.7,0.0,9.2,0.0,10.7,0.0,1.00,1.1,187,783,45.07,33.95,245,44,23,0.0,1.00,1.00,1.00,3.54,4.48,4.54,20.9,2.000,0.192,4.77
76000,7,142,53.4,16.4,6.3,2.9,10.8,1.4,5.83,2.5,117,1257,65.22,29.16,121,17,4,1.6,6.75,3.29,7.07,5.37,6.01,7.04,18.6,1.039,0.626,7.13
76000,1355,135,20.8,1.6,0.6,0.0,14.7,0.0,1.34,12.5,76,400,25.06,8.90,98,28,9,0.0,1.27,1.44,1.35,3.78,3.73,6.15,22.6,1.126,0.468,7.85
76000,1339,15,51.3,0.0,10.2,0.0,15.5,0.0,1.00,0.0,9,407,26.44,13.51,10,1,4,0.0,1.00,1.00,1.00,4.33,5.07,5.07,26.4,2.000,0.339,5.07
76000,1361,12,41.0,5.5,3.8,0.0,5.7,1.1,2.66,1.2,11,1774,130.67,22.90,12,0,0,1.2,3.44,1.70,2.76,2.75,4.17,4.25,13.1,2.000,0.541,4.50
77000,811,1040,15.9,0.4,0.5,0.1,13.8,0.0,1.12,12.2,558,341,21.43,4.92,391,362,287,0.0,1.12,1.11,1.13,3.16,3.55,4.79,29.7,1.062,0.474,7.13
77000,1066,433,40.1,0.0,10.2,0.0,9.8,0.0,1.00,0.9,238,730,41.86,37.64,275,94,64,0.0,1.00,1.00,1.00,3.49,4.53,4.57,24.3,2.000,0.191,4.78
77000,1401,108,45.6,0.0,13.8,0.0,9.1,0.0,1.00,0.5,41,498,17.36,29.01,83,18,7,0.0,1.00,1.00,1.00,3.83,4.86,4.85,21.4,2.000,0.158,4.99
77000,7,96,49.1,15.4,4.7,3.0,10.0,1.0,5.79,3.1,84,1300,70.23,40.22,80,10,6,1.2,6.47,3.67,6.98,4.84,5.91,6.89,18.4,1.043,0.625,7.14
77000,1361,10,39.2,5.1,4.6,0.0,4.8,1.1,2.31,1.6,10,1327,77.53,30.07,10,0,0,1.2,2.79,1.64,2.42,2.60,4.20,4.00,13.8,1.999,0.565,4.50
77000,1339,8,66.2,0.0,14.5,0.0,18.6,0.0,1.00,1.0,7,1485,100.55,51.24,5,0,3,0.0,1.00,1.00,1.00,5.50,5.88,5.62,27.2,2.000,0.350,6.00
78000,811,1085,15.2,0.3,0.4,0.3,13.5,0.0,1.09,12.5,583,292,20.25,5.68,327,447,311,0.0,1.08,1.09,1.10,3.14,3.47,4.57,32.2,1.040,0.473,7.10
78000,1066,652,39.2,0.0,10.6,0.0,9.0,0.0,1.00,0.8,280,661,33.83,39.86,362,165,125,0.0,1.00,1.00,1.00,3.41,4.44,4.49,26.6,2.000,0.182,4.66
78000,1401,123,42.6,0.0,13.0,0.0,8.3,0.0,1.00,0.8,51,665,29.27,37.22,74,33,16,0.0,1.00,1.00,1.00,3.47,4.66,4.64,24.7,2.000,0.172,4.83
78000,7,62,52.2,16.7,4.4,2.8,10.1,0.9,6.37,3.5,53,1564,103.99,54.01,44,8,10,1.2,6.89,4.16,7.70,4.87,5.81,6.95,20.3,1.057,0.629,7.23
78000,1408,16,42.5,0.0,8.9,0.0,12.3,0.0,1.00,0.8,8,607,19.78,31.15,7,5,4,0.0,1.00,1.00,1.00,3.62,4.44,4.81,31.2,2.000,0.427,4.81
78000,1339,8,63.5,0.0,16.5,0.0,15.2,0.0,1.00,2.2,5,1611,77.96,56.40,6,1,1,0.0,1.00,1.00,1.00,5.00,5.62,5.75,24.8,2.000,0.327,6.25
78000,1311,6,49.0,0.0,12.5,0.0,12.0,0.0,1.00,0.0,3,1007,141.13,64.19,4,2,0,0.0,1.00,1.00,1.00,4.00,5.00,5.00,19.9,2.000,0.304,5.00
79000,811,808,15.3,0.6,0.4,0.2,13.1,0.0,1.22,12.9,513,519,37.22,11.49,229,279,300,0.0,1.18,1.23,1.26,3.01,3.53,4.45,33.5,1.031,0.470,7.15
79000,1066,746,38.3,0.0,10.8,0.0,8.4,0.0,1.00,1.0,323,841,44.35,42.65,378,257,111,0.0,1.00,1.00,1.00,3.38,4.38,4.44,25.6,2.000,0.215,4.66
79000,1424,197,40.1,0.0,9.3,0.0,10.8,0.0,1.00,1.1,85,692,48.36,38.94,78,75,44,0.0,1.00,1.00,1.00,3.51,4.55,4.53,29.9,2.000,0.162,4.81
79000,1401,192,42.9,0.0,12.5,0.0,8.9,0.0,1.00,0.7,79,823,39.84,41.61,100,69,23,0.0,1.00,1.00,1.00,3.47,4.62,4.73,24.6,2.000,0.203,4.84
79000,7,78,49.2,14.0,5.4,4.6,10.6,1.1,5.28,3.2,64,914,46.42,29.37,36,20,22,1.2,5.96,3.00,6.52,4.91,5.96,7.04,25.6,1.067,0.635,7.26
79000,1419,49,45.9,0.0,11.7,0.0,11.2,0.0,1.00,0.7,27,1118,62.98,53.29,24,12,13,0.0,1.00,1.00,1.00,3.59,4.78,4.76,28.4,2.000,0.161,4.94
79000,1408,22,53.1,0.2,11.6,0.0,14.5,0.0,1.03,0.9,12,610,41.12,28.05,7,12,3,0.1,1.00,1.05,1.05,4.27,5.27,5.27,29.4,2.000,0.467,5.50
79000,1311,20,48.0,0.0,12.4,0.0,11.6,0.0,1.00,0.3,4,970,111.13,72.74,9,10,1,0.0,1.00,1.00,1.00,3.90,4.85,5.00,26.3,2.000,0.313,5.00
79000,1339,5,70.4,0.0,19.2,0.0,16.0,0.0,1.00,0.0,3,1548,40.41,44.79,5,0,0,0.0,1.00,1.00,1.00,4.40,6.00,6.00,17.6,2.000,0.328,6.00
80000,1066,883,38.6,0.0,10.6,0.0,8.7,0.0,1.00,1.0,375,827,45.70,40.83,432,301,150,0.0,1.00,1.00,1.00,3.33,4.40,4.44,26.7,2.000,0.209,4.67
80000,811,858,15.1,0.4,0.4,0.2,13.2,0.0,1.14,13.5,514,479,33.48,11.36,285,232,341,0.0,1.12,1.15,1.17,2.96,3.44,4.37,33.6,1.035,0.467,7.21
80000,1427,588,31.9,0.2,8.8,0.0,6.7,0.0,1.09,0.5,177,870,41.41,34.82,220,182,186,0.0,1.04,1.11,1.10,2.59,3.99,4.02,31.6,2.000,0.143,4.13
80000,1424,276,40.9,0.0,9.9,0.0,10.5,0.0,1.00,1.1,108,698,46.80,39.15,84,119,73,0.0,1.00,1.00,1.00,3.54,4.57,4.54,30.5,2.000,0.144,4.82
80000,1401,211,39.1,0.0,11.5,0.0,8.0,0.0,1.01,1.1,91,762,31.95,28.76,120,72,19,0.0,1.00,1.02,1.01,3.28,4.46,4.47,23.8,2.000,0.208,4.74
80000,7,83,43.4,10.9,6.1,3.4,11.2,1.3,4.33,3.7,73,984,53.96,38.00,36,22,25,1.3,4.73,2.87,5.21,4.83,6.05,6.77,26.7,1.065,0.638,7.25
80000,1419,78,41.7,0.0,9.7,0.0,11.2,0.0,1.00,1.7,45,840,68.48,39.32,20,39,19,0.0,1.00,1.00,1.00,3.58,4.55,4.53,31.6,2.000,0.153,4.92
80000,1408,34,47.8,0.0,9.1,0.0,14.8,0.0,1.00,0.8,13,445,30.56,13.42,4,7,23,0.0,1.00,1.00,1.00,3.82,4.85,4.91,35.6,2.000,0.425,5.09
80000,1311,18,40.7,0.0,9.4,0.0,10.9,0.0,1.00,1.3,12,1124,154.93,101.29,10,6,2,0.0,1.00,1.00,1.00,3.56,4.78,4.33,22.9,2.000,0.298,4.89
80000,1430,11,39.1,0.0,12.3,0.0,7.3,0.0,1.00,2.2,9,1325,77.41,20.26,5,3,3,0.0,1.00,1.00,1.00,3.45,4.27,4.64,27.4,2.000,0.268,5.00
80000,1434,11,30.7,0.0,0.0,0.0,15.4,0.0,1.00,0.9,6,72,7.48,2.35,0,0,11,0.0,1.00,1.00,1.00,2.82,3.82,4.09,44.8,2.000,0.037,4.18
80000,1339,8,66.8,0.0,19.0,0.0,14.4,0.0,1.00,0.0,5,825,24.35,20.69,6,2,0,0.0,1.00,1.00,1.00,5.50,5.88,5.88,20.7,2.000,0.301,5.88
81000,1066,844,41.3,0.0,11.2,0.0,9.5,0.0,1.00,0.8,301,892,45.33,36.37,350,269,225,0.0,1.00,1.00,1.00,3.44,4.56,4.57,29.0,2.000,0.230,4.75
81000,811,669,15.9,0.7,0.4,0.4,13.0,0.0,1.25,13.1,434,431,29.00,9.57,205,257,207,0.0,1.25,1.24,1.25,3.00,3.48,4.63,31.4,1.054,0.482,7.23
81000,1427,611,31.9,0.1,8.8,0.0,6.9,0.0,1.03,0.6,199,948,41.41,32.63,191,170,250,0.0,1.01,1.06,1.03,2.55,4.00,4.01,33.8,2.000,0.129,4.15
81000,1424,351,39.1,0.0,9.8,0.0,9.7,0.0,1.00,1.1,126,776,46.71,39.18,111,137,103,0.0,1.00,1.00,1.00,3.43,4.45,4.44,31.9,2.000,0.162,4.73
81000,1401,226,39.7,0.0,11.6,0.0,8.2,0.0,1.01,1.2,84,989,45.43,29.86,132,69,25,0.0,1.00,1.01,1.01,3.29,4.42,4.53,24.5,2.000,0.181,4.77
81000,1442,143,32.5,0.0,9.6,0.0,6.6,0.0,1.00,0.3,34,757,31.68,24.24,50,46,47,0.0,1.00,1.00,1.00,2.54,4.06,4.03,31.3,2.000,0.104,4.13
81000,1446,123,33.6,0.0,10.6,0.0,6.3,0.0,1.00,0.4,47,707,30.31,28.97,39,42,42,0.0,1.00,1.00,1.00,2.83,4.15,4.18,33.2,2.000,0.045,4.23
81000,1419,90,46.0,0.0,11.9,0.0,11.1,0.0,1.00,0.3,34,881,70.32,41.58,34,20,36,0.0,1.00,1.00,1.00,3.74,4.77,4.78,31.5,2.000,0.161,4.83
81000,1408,52,48.7,0.0,9.9,0.0,14.5,0.0,1.00,1.1,23,687,37.90,21.42,8,23,21,0.0,1.00,1.00,1.00,4.02,5.00,5.15,33.1,2.000,0.433,5.27
81000,7,50,41.0,12.2,4.7,1.3,9.9,1.3,4.93,4.3,45,1697,74.55,42.82,29,11,10,1.3,5.37,3.01,6.28,4.92,5.60,6.90,23.7,1.040,0.640,7.22
81000,1443,37,30.3,0.0,10.2,0.0,4.9,0.0,1.00,0.8,12,852,35.21,46.77,7,10,20,0.0,1.00,1.00,1.00,2.86,3.95,3.89,35.9,2.000,0.184,4.11
81000,1311,30,35.7,0.2,9.1,0.0,8.2,0.0,1.04,1.9,22,1166,107.47,79.65,20,8,2,0.0,1.00,1.11,1.03,2.77,4.43,4.13,21.3,2.000,0.326,4.77
81000,1430,6,48.7,0.0,14.3,0.0,10.0,0.0,1.00,0.0,4,940,57.06,28.67,3,2,1,0.0,1.00,1.00,1.00,3.83,5.00,5.00,29.6,2.000,0.145,5.00
82000,1066,741,41.3,0.0,10.4,0.0,10.3,0.0,1.01,0.8,248,887,42.51,33.03,346,243,152,0.0,1.01,1.01,1.01,3.44,4.55,4.53,27.5,2.000,0.219,4.74
82000,1427,700,32.1,0.1,8.8,0.0,7.1,0.0,1.02,0.5,171,888,37.06,29.19,201,241,258,0.0,1.01,1.03,1.02,2.58,4.03,4.00,33.0,2.000,0.109,4.14
82000,811,629,16.4,1.1,0.5,0.3,12.6,0.0,1.35,13.2,449,415,27.11,7.90,181,250,198,0.0,1.31,1.36,1.38,3.09,3.67,4.58,32.6,1.055,0.472,7.30
82000,1424,420,40.4,0.0,10.2,0.0,10.0,0.0,1.00,0.8,137,866,47.41,36.89,150,122,148,0.0,1.00,1.00,1.00,3.48,4.47,4.56,32.3,2.000,0.167,4.72
82000,1442,213,30.5,0.1,9.5,0.0,5.6,0.0,1.02,0.4,51,796,30.87,25.11,72,70,71,0.0,1.01,1.04,1.02,2.27,3.94,3.98,30.6,2.000,0.106,4.05
82000,1401,196,44.1,0.0,13.7,0.0,8.3,0.0,1.01,0.5,62,1008,44.29,28.60,112,61,23,0.0,1.01,1.01,1.00,3.60,4.72,4.74,24.3,2.000,0.176,4.84
82000,1446,156,33.8,0.0,10.8,0.0,6.1,0.0,1.00,0.4,42,867,34.59,33.51,32,47,77,0.0,1.00,1.00,1.00,2.84,4.11,4.12,37.7,2.000,0.058,4.22
82000,1419,77,48.1,0.0,10.9,0.0,13.1,0.0,1.00,0.5,26,957,65.43,39.26,42,30,5,0.0,1.00,1.00,1.00,3.73,4.84,4.90,25.7,2.000,0.142,5.00
82000,1408,71,52.7,0.0,11.4,0.0,15.0,0.0,1.00,0.8,27,788,42.52,29.03,13,31,27,0.0,1.00,1.00,1.00,4.38,5.34,5.28,33.3,2.000,0.443,5.44
82000,1443,49,31.2,0.0,10.0,0.0,5.6,0.0,1.00,0.0,15,914,33.48,34.21,9,17,23,0.0,1.00,1.00,1.00,2.84,4.02,4.02,35.8,2.000,0.187,4.02
82000,1458,38,40.7,0.0,11.5,0.0,8.8,0.0,1.00,0.9,18,778,54.87,30.32,17,7,14,0.0,1.00,1.00,1.00,3.53,4.53,4.58,30.6,2.000,0.135,4.79
82000,1455,35,46.5,0.0,13.4,0.0,9.8,0.0,1.00,0.6,12,1190,54.79,33.01,10,15,10,0.0,1.00,1.00,1.00,3.77,4.86,4.80,30.5,2.000,0.379,4.97
82000,1454,24,6.6,0.0,0.0,0.0,5.7,0.0,1.00,21.2,22,521,38.83,19.86,6,11,7,0.0,1.00,1.00,1.00,2.38,2.12,4.08,32.4,1.163,0.460,8.08
82000,7,20,37.2,10.1,4.8,1.1,10.5,1.1,4.26,4.0,20,1712,70.68,35.71,14,3,3,1.1,4.69,2.69,5.23,4.85,6.25,6.85,19.3,1.024,0.636,7.20
82000,1311,17,34.7,0.0,9.8,0.0,7.6,0.0,1.00,0.4,10,985,76.16,63.87,15,1,1,0.0,1.00,1.00,1.00,3.24,4.18,4.24,15.2,2.000,0.364,4.29
82000,1430,7,42.9,0.0,11.7,0.0,9.7,0.0,1.00,2.0,6,1392,93.33,42.14,2,4,1,0.0,1.00,1.00,1.00,3.71,4.71,5.14,32.0,2.000,0.163,5.14
83000,1066,779,42.9,0.0,10.7,0.0,10.7,0.0,1.00,0.5,249,891,41.69,29.09,339,266,174,0.0,1.00,1.00,1.00,3.56,4.65,4.64,28.5,2.000,0.232,4.78
83000,1427,720,31.4,0.0,8.7,0.0,6.9,0.0,1.01,0.4,184,942,36.73,27.81,220,222,278,0.0,1.01,1.01,1.01,2.37,4.00,3.99,33.6,2.000,0.088,4.09
83000,811,671,15.5,1.0,0.5,0.2,12.3,0.0,1.39,13.0,431,341,20.31,5.39,232,235,204,0.0,1.39,1.34,1.45,3.08,3.63,4.61,31.8,1.040,0.474,7.30
83000,1424,350,42.2,0.0,10.7,0.0,10.4,0.0,1.01,0.7,105,961,47.45,34.45,115,121,114,0.0,1.01,1.01,1.01,3.54,4.61,4.60,32.0,2.000,0.161,4.79
83000,1446,226,34.3,0.0,10.8,0.0,6.3,0.0,1.00,0.3,63,793,30.83,26.29,31,48,147,0.0,1.00,1.00,1.00,2.76,4.12,4.16,40.7,2.000,0.070,4.22
83000,1442,219,31.0,0.0,9.2,0.0,6.3,0.0,1.00,0.5,56,962,41.98,26.68,70,95,54,0.0,1.00,1.00,1.00,2.32,3.96,3.99,30.8,2.000,0.108,4.09
83000,1401,168,45.4,0.0,14.4,0.0,8.3,0.0,1.00,0.4,54,1224,48.95,26.44,90,62,16,0.0,1.00,1.00,1.00,3.69,4.77,4.86,24.9,2.000,0.182,4.91
83000,1408,111,51.0,0.0,11.0,0.0,14.5,0.0,1.00,0.6,37,894,48.61,25.78,26,42,43,0.0,1.00,1.00,1.00,4.02,5.05,5.13,34.0,2.000,0.447,5.23
83000,1419,87,46.6,0.0,11.8,0.0,11.5,0.0,1.00,0.4,34,822,44.45,25.97,56,24,7,0.0,1.00,1.00,1.00,3.71,4.82,4.84,24.7,2.000,0.149,4.93
83000,1458,82,46.2,0.0,12.5,0.0,10.6,0.0,1.01,0.3,33,668,41.96,24.36,14,38,30,0.1,1.00,1.01,1.01,3.85,4.89,4.85,34.5,2.000,0.179,4.94
83000,1443,61,31.2,0.0,10.4,0.0,5.2,0.0,1.00,0.4,17,964,34.38,27.82,34,5,22,0.0,1.00,1.00,1.00,2.98,3.95,3.98,29.6,2.000,0.190,4.07
83000,1455,41,44.1,0.0,13.2,0.0,8.9,0.0,1.00,1.4,18,1150,48.65,29.43,20,13,8,0.0,1.00,1.00,1.00,3.54,4.78,4.61,25.8,2.000,0.406,5.05
83000,1311,32,31.9,0.0,8.8,0.0,7.1,0.0,1.00,0.5,12,820,44.04,46.39,28,4,0,0.0,1.00,1.00,1.00,3.12,4.00,4.00,14.8,2.000,0.375,4.12
83000,1477,13,26.0,0.0,8.2,0.0,4.8,0.0,1.00,1.5,8,1235,53.25,35.23,4,7,2,0.0,1.00,1.00,1.00,2.54,3.46,3.77,26.8,2.000,0.403,4.00
83000,7,5,36.5,11.2,3.0,0.2,9.2,1.0,5.00,6.0,5,1731,134.52,49.90,3,2,0,1.0,5.15,2.93,7.50,4.00,4.80,6.80,19.1,1.051,0.619,7.20
84000,1066,1129,41.9,0.0,10.6,0.0,10.3,0.0,1.00,0.7,307,923,40.73,26.36,431,413,285,0.0,1.00,1.00,1.00,3.47,4.57,4.58,29.8,2.000,0.248,4.74
84000,1427,692,31.7,0.0,8.7,0.0,7.0,0.0,1.02,0.4,184,1065,40.42,26.89,229,209,254,0.0,1.02,1.02,1.01,2.51,3.98,4.00,32.7,2.000,0.080,4.10
84000,811,500,16.5,1.4,0.6,0.3,12.0,0.0,1.48,12.9,355,374,21.57,6.46,168,123,209,0.0,1.54,1.40,1.53,3.06,3.75,4.65,34.6,1.055,0.470,7.27
84000,1442,299,32.1,0.1,9.2,0.0,6.6,0.0,1.06,0.4,75,915,35.29,24.04,86,94,119,0.0,1.07,1.09,1.05,2.33,3.99,4.02,33.6,2.000,0.106,4.11
84000,1446,242,34.2,0.0,11.0,0.0,6.1,0.0,1.00,0.2,60,889,32.57,24.70,30,44,168,0.0,1.00,1.00,1.00,2.64,4.13,4.14,42.6,2.000,0.064,4.19
84000,1401,152,45.0,0.0,13.9,0.0,8.6,0.0,1.00,0.7,47,1254,52.76,27.31,90,52,10,0.0,1.00,1.00,1.00,3.64,4.73,4.78,24.4,2.000,0.204,4.91
84000,1408,137,52.0,0.0,11.2,0.0,14.7,0.0,1.00,0.8,45,825,45.70,25.10,12,64,61,0.0,1.00,1.00,1.00,4.20,5.09,5.13,36.8,2.000,0.447,5.31
84000,1458,128,44.2,0.0,10.6,0.0,11.5,0.0,1.00,1.1,66,779,40.59,23.49,29,42,57,0.0,1.00,1.00,1.00,3.59,4.77,4.70,35.4,2.000,0.159,4.98
84000,1419,82,42.2,0.0,10.6,0.0,10.5,0.0,1.00,0.7,27,968,44.17,25.01,39,20,23,0.0,1.00,1.00,1.00,3.49,4.61,4.56,29.6,2.000,0.170,4.77
84000,1483,81,48.1,0.0,15.6,0.0,8.4,0.0,1.00,0.5,15,955,44.29,16.72,22,26,33,0.0,1.00,1.00,1.00,3.89,4.89,4.91,32.5,2.000,0.137,5.04
84000,1443,56,30.0,0.0,9.4,0.0,5.6,0.0,1.00,0.6,21,1112,40.41,20.86,21,14,21,0.0,1.00,1.00,1.00,2.96,3.89,3.89,31.4,2.000,0.194,4.05
84000,1311,45,30.8,0.0,8.7,0.0,6.6,0.0,1.00,0.6,14,805,35.63,26.94,37,8,0,0.0,1.00,1.00,1.00,3.02,3.91,4.00,18.5,2.000,0.357,4.11
84000,1455,29,48.4,0.0,14.4,0.0,9.8,0.0,1.00,0.4,10,1260,49.76,28.62,9,8,12,0.0,1.00,1.00,1.00,3.90,5.03,4.90,30.1,2.000,0.407,5.07
84000,1484,20,92.2,0.2,18.0,0.0,27.6,0.0,1.03,1.9,15,1407,81.53,49.52,9,4,7,0.2,1.00,1.11,1.00,5.95,6.70,6.45,33.2,2.000,0.102,7.00
84000,1491,11,30.0,0.0,10.1,0.0,4.9,0.0,1.00,0.2,7,1414,57.01,21.35,11,0,0,0.0,1.00,1.00,1.00,1.91,3.91,4.00,17.6,2.000,0.089,4.00
84000,1477,8,26.0,0.0,8.4,0.0,4.6,0.0,1.00,1.5,5,1716,75.09,37.87,2,5,1,0.0,1.00,1.00,1.00,2.62,3.50,3.75,29.1,2.000,0.412,4.00
84000,1424,8,40.0,0.0,3.5,0.0,16.5,0.0,1.00,1.5,6,47,8.00,3.86,0,8,0,0.0,1.00,1.00,1.00,3.50,4.25,4.75,30.0,2.000,0.056,4.88
85000,1066,1534,38.9,0.0,10.0,0.0,9.4,0.0,1.01,0.5,388,1098,45.65,25.81,525,547,462,0.0,1.01,1.02,1.01,3.15,4.41,4.42,31.3,2.000,0.198,4.53
85000,1442,374,31.1,0.1,8.8,0.0,6.5,0.0,1.05,0.7,119,787,31.66,18.24,88,133,153,0.0,1.06,1.06,1.04,2.25,3.98,4.01,35.7,2.000,0.116,4.16
85000,811,332,14.8,1.0,0.2,0.1,11.7,0.0,1.34,13.3,220,414,22.11,6.15,84,103,145,0.0,1.35,1.27,1.42,2.91,3.36,4.43,36.9,1.059,0.479,7.17
85000,1446,241,34.3,0.0,10.8,0.0,6.4,0.0,1.00,0.2,71,1084,38.16,22.69,39,48,154,0.0,1.00,1.00,1.00,2.70,4.16,4.18,38.9,2.000,0.067,4.21
85000,1458,193,44.7,0.0,11.5,0.0,10.8,0.0,1.00,0.6,73,856,44.00,24.14,60,54,79,0.0,1.00,1.00,1.00,3.72,4.76,4.83,32.9,2.000,0.152,4.95
85000,1401,149,44.8,0.0,13.0,0.0,9.4,0.0,1.00,0.8,52,1025,44.42,22.41,78,54,17,0.0,1.00,1.00,1.00,3.62,4.72,4.76,26.4,2.000,0.191,4.93
85000,1408,141,47.9,0.0,10.5,0.0,13.4,0.0,1.00,1.0,47,1034,52.57,27.24,14,50,77,0.0,1.00,1.00,1.00,3.93,4.86,4.96,36.5,2.000,0.433,5.16
85000,1483,95,47.5,0.0,14.8,0.0,8.9,0.0,1.00,0.4,25,1089,51.45,19.35,21,35,39,0.0,1.00,1.00,1.00,3.86,4.91,4.95,32.8,2.000,0.160,5.02
85000,1311,67,30.2,0.0,8.3,0.0,6.7,0.0,1.00,0.5,23,826,30.39,19.61,46,19,2,0.0,1.00,1.01,1.00,2.76,3.96,3.93,22.0,2.000,0.379,4.06
85000,1419,62,44.4,0.0,11.0,0.0,11.2,0.0,1.00,0.4,22,1350,56.84,27.52,25,28,9,0.0,1.00,1.00,1.00,3.66,4.76,4.71,28.0,2.000,0.188,4.82
85000,1498,54,31.7,0.0,10.2,0.0,5.6,0.0,1.00,1.3,23,1088,41.35,23.80,25,14,15,0.0,1.00,1.00,1.00,2.83,3.91,4.04,30.9,2.000,0.261,4.30
85000,1443,41,30.1,0.0,9.1,0.0,5.9,0.0,1.00,0.6,14,1308,54.22,31.11,11,16,14,0.0,1.00,1.00,1.00,2.68,3.83,3.93,32.0,2.000,0.186,4.02
85000,1505,36,30.7,0.0,9.8,0.0,5.6,0.0,1.00,0.1,14,1045,39.39,15.92,30,6,0,0.0,1.00,1.00,1.00,1.78,3.97,4.03,22.4,2.000,0.140,4.03
85000,1455,29,44.0,0.0,12.9,0.0,9.1,0.0,1.00,1.3,13,1024,45.82,18.64,6,11,12,0.0,1.00,1.00,1.00,3.79,4.62,4.86,33.1,2.000,0.419,5.07
85000,1427,21,44.1,0.2,7.9,0.0,13.7,0.0,1.10,0.0,10,1343,56.49,31.74,1,15,5,0.1,1.13,1.15,1.07,3.52,4.71,4.71,34.4,2.000,0.385,4.71
85000,1477,8,26.8,0.0,8.4,0.0,5.0,0.0,1.00,1.0,3,314,9.70,15.02,8,0,0,0.0,1.00,1.00,1.00,3.00,3.62,3.88,21.2,2.000,0.585,4.00
86000,1066,1491,39.1,0.1,9.9,0.0,9.5,0.0,1.03,0.6,393,1072,43.09,22.37,545,518,428,0.0,1.02,1.03,1.04,3.16,4.40,4.42,30.5,2.000,0.214,4.55
86000,1442,386,32.4,0.1,9.6,0.0,6.4,0.0,1.05,0.5,94,995,35.85,21.85,61,125,200,0.0,1.06,1.06,1.04,2.35,4.04,4.04,38.0,2.000,0.110,4.16
86000,1515,269,47.7,0.1,13.6,0.0,10.1,0.0,1.03,0.8,93,1014,45.89,19.59,126,115,28,0.0,1.04,1.02,1.03,3.88,4.91,4.88,25.3,2.000,0.305,5.10
86000,811,265,15.3,1.2,0.4,0.2,11.5,0.0,1.45,12.7,202,416,20.59,6.15,35,90,140,0.0,1.43,1.32,1.61,3.00,3.41,4.73,40.1,1.056,0.469,7.16
86000,1458,225,44.4,0.0,11.1,0.0,11.1,0.0,1.00,0.9,90,874,46.19,23.28,60,84,81,0.0,1.00,1.00,1.01,3.60,4.75,4.70,33.2,2.000,0.155,4.94
86000,1446,202,35.3,0.0,11.0,0.0,6.6,0.0,1.00,0.1,55,1122,38.24,22.54,42,46,114,0.0,1.00,1.00,1.00,2.95,4.20,4.21,37.7,2.000,0.075,4.24
86000,1401,158,43.2,0.0,12.9,0.0,8.6,0.0,1.00,0.7,43,1224,51.71,21.84,63,64,31,0.0,1.00,1.00,1.00,3.51,4.65,4.68,29.5,2.000,0.172,4.84
86000,1516,157,40.1,0.0,10.6,0.0,9.5,0.0,1.00,0.9,55,1019,51.40,24.72,4,47,106,0.0,1.00,1.00,1.00,3.41,4.47,4.48,40.1,2.000,0.192,4.71
86000,1408,147,51.0,0.0,10.4,0.0,15.1,0.0,1.00,0.4,41,846,50.72,23.13,21,59,67,0.0,1.00,1.00,1.00,4.02,5.01,5.12,35.2,2.000,0.418,5.18
86000,1483,98,48.5,0.0,14.8,0.0,9.4,0.0,1.00,0.4,27,1080,50.72,24.46,23,39,36,0.0,1.00,1.00,1.00,3.90,4.96,4.97,32.4,2.000,0.138,5.07
86000,1311,59,30.2,0.0,9.2,0.0,5.9,0.0,1.00,0.6,17,973,34.57,20.38,36,16,7,0.0,1.00,1.00,1.00,2.58,3.90,3.92,24.1,2.000,0.387,4.07
86000,1505,41,31.0,0.0,9.2,0.0,6.3,0.0,1.00,0.5,16,1242,45.95,16.74,34,7,0,0.0,1.00,1.00,1.00,2.17,3.98,3.95,22.5,2.000,0.121,4.10
86000,1443,40,33.2,0.0,6.9,0.0,9.7,0.0,1.00,0.8,16,1234,58.82,28.73,17,13,10,0.0,1.00,1.00,1.00,3.03,4.10,4.03,29.6,2.000,0.188,4.25
86000,1419,33,42.2,0.0,10.3,0.0,10.8,0.0,1.00,0.5,16,1304,62.01,26.42,21,7,5,0.0,1.00,1.00,1.00,3.55,4.67,4.67,26.7,2.000,0.175,4.79
86000,1455,32,43.7,0.0,13.9,0.0,7.9,0.0,1.00,1.4,14,1200,61.75,20.50,7,19,6,0.0,1.00,1.00,1.00,3.56,4.81,4.59,31.1,2.000,0.418,5.06
86000,1498,28,38.3,0.0,13.0,0.0,6.2,0.0,1.00,0.1,12,1501,69.41,33.18,10,6,12,0.0,1.00,1.00,1.00,3.25,4.36,4.39,35.0,2.000,0.224,4.39
86000,1522,20,31.1,0.0,11.1,0.0,4.4,0.0,1.00,0.2,7,769,19.71,20.79,13,2,5,0.0,1.00,1.00,1.00,2.20,4.00,3.90,26.4,2.000,0.240,4.00
86000,1477,20,29.7,0.0,8.1,0.0,6.7,0.0,1.00,0.6,8,671,24.18,15.27,16,4,0,0.0,1.00,1.00,1.00,2.15,3.80,3.90,22.0,2.000,0.512,4.00
86000,1518,12,40.0,0.0,2.2,0.0,17.8,0.0,1.00,0.7,6,1384,75.77,27.70,12,0,0,0.0,1.00,1.00,1.00,3.75,4.33,4.67,20.2,2.000,0.222,4.67
86000,1427,10,47.2,0.5,10.1,0.0,12.5,0.0,1.22,0.0,5,1812,74.68,35.15,1,5,4,0.3,1.27,1.33,1.14,3.80,4.80,4.80,33.8,2.000,0.381,4.80
86000,1532,9,26.9,0.0,8.9,0.0,4.6,0.0,1.00,1.6,4,1250,63.04,39.71,5,1,3,0.0,1.00,1.00,1.00,2.78,3.56,3.67,25.9,2.000,0.467,4.00
86000,1517,9,22.9,0.0,0.3,0.0,11.1,0.0,1.00,4.2,7,217,14.47,4.14,0,8,1,0.0,1.00,1.00,1.00,2.44,3.89,3.67,33.8,2.000,0.329,4.67
87000,1066,1224,39.0,0.1,9.5,0.0,9.9,0.0,1.03,0.6,369,1028,41.64,20.59,369,468,387,0.0,1.03,1.03,1.04,3.12,4.40,4.42,32.0,2.000,0.260,4.56
87000,1442,444,31.7,0.0,8.8,0.0,7.0,0.0,1.01,0.7,133,939,35.41,18.46,88,139,217,0.0,1.01,1.02,1.01,2.37,3.95,4.06,37.2,2.000,0.119,4.18
87000,1446,230,35.8,0.0,9.4,0.0,8.5,0.0,1.00,0.5,79,858,34.15,18.41,24,61,145,0.0,1.00,1.00,1.00,2.83,4.23,4.27,39.9,2.000,0.097,4.37
87000,1515,223,48.8,0.0,14.0,0.0,10.4,0.0,1.00,0.5,68,1224,55.76,22.76,110,87,26,0.0,1.00,1.00,1.00,3.89,4.93,4.93,25.8,2.000,0.308,5.06
87000,1458,214,44.1,0.0,10.7,0.0,11.3,0.0,1.01,0.5,82,1075,51.57,26.13,65,55,94,0.0,1.00,1.01,1.00,3.63,4.70,4.76,33.8,2.000,0.148,4.86
87000,1516,165,38.4,0.0,10.0,0.0,9.2,0.0,1.00,0.9,57,1128,51.95,23.39,11,62,92,0.0,1.00,1.00,1.00,3.32,4.44,4.35,38.2,2.000,0.185,4.61
87000,811,160,13.6,0.2,0.5,0.5,12.2,0.0,1.06,12.4,96,245,12.37,4.01,26,32,102,0.0,1.07,1.07,1.05,3.10,3.70,4.36,39.9,1.022,0.499,7.04
87000,1408,145,47.3,0.0,10.1,0.0,13.5,0.0,1.00,0.9,53,864,49.94,24.70,36,58,51,0.0,1.00,1.00,1.00,3.88,4.86,4.85,33.0,2.000,0.420,5.08
87000,1401,136,46.0,0.0,12.8,0.0,10.2,0.0,1.00,0.5,36,1113,46.35,23.08,58,51,27,0.0,1.00,1.00,1.00,3.71,4.79,4.81,30.2,2.000,0.143,4.93
87000,1534,107,39.7,0.3,9.9,0.0,9.3,0.0,1.07,1.2,48,970,39.82,17.29,73,28,6,0.0,1.04,1.10,1.07,3.42,4.50,4.43,24.8,2.000,0.235,4.76
87000,1483,106,47.8,0.0,14.1,0.0,9.8,0.0,1.00,0.7,35,979,50.15,20.63,35,26,45,0.0,1.00,1.00,1.00,3.86,4.89,4.91,31.8,2.000,0.141,5.08
87000,1505,58,31.0,0.0,9.0,0.0,6.4,0.0,1.00,0.5,24,880,27.01,18.87,51,7,0,0.0,1.00,1.00,1.00,2.38,3.95,4.05,21.8,2.000,0.129,4.12
87000,1535,57,46.8,0.0,10.9,0.0,12.5,0.0,1.00,0.9,24,916,42.82,24.37,44,9,4,0.0,1.00,1.00,1.00,3.81,4.82,4.86,13.2,2.000,0.251,5.07
87000,1311,40,33.6,0.0,9.1,0.0,7.7,0.0,1.01,0.6,17,1242,49.42,27.30,27,9,4,0.0,1.02,1.00,1.02,2.80,4.10,4.15,22.1,2.000,0.365,4.28
87000,1477,26,31.4,0.0,9.8,0.0,5.8,0.0,1.00,0.0,5,956,38.46,23.22,23,3,0,0.0,1.00,1.00,1.00,2.31,4.00,4.00,20.8,2.000,0.526,4.00
87000,1555,25,29.0,0.0,9.2,0.0,5.3,0.0,1.00,0.6,10,645,29.88,24.29,14,11,0,0.0,1.00,1.00,1.00,2.72,3.92,3.76,23.7,2.000,0.093,4.00
87000,1419,22,48.5,0.0,9.0,0.0,15.2,0.0,1.00,0.5,10,924,45.12,20.41,2,14,6,0.0,1.00,1.00,1.00,3.86,4.91,4.91,35.0,2.000,0.150,5.05
87000,1455,21,48.6,0.0,16.0,0.0,8.2,0.0,1.00,0.2,6,1369,65.75,21.01,6,9,6,0.0,1.00,1.00,1.00,3.86,4.90,5.00,31.3,2.000,0.399,5.00
87000,1518,17,44.6,1.8,4.9,0.0,13.8,0.1,1.75,0.0,14,633,31.64,8.87,17,0,0,0.4,1.61,1.81,1.79,3.29,4.53,4.53,20.8,2.000,0.222,4.53
87000,1498,15,40.8,0.0,13.8,0.0,6.6,0.0,1.00,0.0,7,1229,43.90,26.74,6,3,6,0.0,1.00,1.00,1.00,3.40,4.53,4.53,37.4,2.000,0.161,4.53
87000,1443,12,37.5,0.0,1.1,0.0,17.7,0.0,1.00,1.0,5,1296,64.32,18.26,0,11,1,0.0,1.00,1.00,1.00,2.83,4.33,4.33,31.2,2.000,0.174,4.58
87000,1554,10,46.4,0.0,12.9,0.0,10.3,0.0,1.00,0.2,4,1262,55.43,14.79,3,7,0,0.0,1.00,1.00,1.00,3.80,4.80,4.90,26.5,2.000,0.127,4.90
87000,1427,10,20.4,0.0,6.1,0.0,4.1,0.0,1.00,3.2,8,571,27.37,10.28,0,10,0,0.0,1.00,1.00,1.00,2.80,3.30,3.30,28.8,2.000,0.617,4.10
87000,1522,7,32.9,0.0,11.0,0.0,5.4,0.0,1.00,0.3,4,678,21.47,33.21,4,0,3,0.0,1.00,1.00,1.00,1.57,4.00,4.14,29.2,2.000,0.438,4.14
87000,1532,5,28.8,0.2,8.8,0.0,5.2,0.0,1.10,1.6,2,2011,124.53,62.85,4,1,0,0.0,1.13,1.00,1.13,2.80,3.80,3.80,19.0,2.000,0.403,4.20
88000,1066,651,42.9,0.0,10.5,0.0,11.0,0.0,1.00,0.7,217,1053,44.84,24.61,226,285,140,0.0,1.00,1.00,1.00,3.37,4.62,4.59,29.2,2.000,0.343,4.77
88000,1442,290,32.6,0.0,9.4,0.0,6.8,0.0,1.02,0.5,86,1058,39.72,22.94,43,56,191,0.0,1.02,1.02,1.01,2.50,4.04,4.07,40.8,2.000,0.110,4.19
88000,1515,247,46.5,0.0,12.7,0.0,10.6,0.0,1.00,0.7,104,1081,52.17,22.93,107,120,20,0.0,1.00,1.00,1.00,3.74,4.84,4.83,26.6,2.000,0.294,5.02
88000,1446,227,34.6,0.0,9.1,0.0,8.2,0.0,1.00,0.2,70,990,38.17,21.69,18,58,151,0.0,1.00,1.00,1.00,2.67,4.17,4.18,42.7,2.000,0.078,4.23
88000,1458,184,42.3,0.0,10.3,0.0,10.8,0.0,1.01,1.0,79,970,45.31,22.56,71,40,73,0.0,1.00,1.01,1.01,3.53,4.58,4.63,32.6,2.000,0.160,4.86
88000,1516,176,38.8,0.0,10.1,0.0,9.3,0.0,1.00,1.1,70,932,47.83,21.65,22,58,96,0.0,1.00,1.00,1.00,3.30,4.40,4.44,36.3,2.000,0.200,4.69
88000,1408,171,47.7,0.0,10.3,0.0,13.5,0.0,1.00,0.7,46,1064,55.49,26.96,47,60,64,0.0,1.00,1.00,1.00,3.81,4.88,4.91,32.9,2.000,0.413,5.05
88000,1483,137,46.6,0.0,14.0,0.0,9.3,0.0,1.00,1.2,41,994,48.15,22.05,40,51,46,0.0,1.00,1.00,1.00,3.78,4.80,4.80,31.1,2.000,0.152,5.09
88000,1401,134,45.4,0.0,13.0,0.0,9.8,0.0,1.00,0.7,43,1081,46.57,18.91,40,63,31,0.0,1.00,1.00,1.00,3.72,4.78,4.80,30.9,2.000,0.145,4.96
88000,811,117,12.4,0.1,0.0,0.5,11.8,0.0,1.02,13.3,77,274,15.39,2.99,39,29,49,0.0,1.03,1.03,1.01,2.75,3.53,3.92,33.3,1.019,0.492,7.04
88000,1562,89,49.7,0.0,8.2,0.0,16.6,0.0,1.00,0.7,40,1038,49.79,15.82,77,10,2,0.0,1.00,1.00,1.00,3.94,5.03,5.07,19.6,2.000,0.155,5.20
88000,1534,77,42.1,0.4,10.6,0.0,9.6,0.0,1.12,0.9,29,1187,50.88,28.45,58,17,2,0.1,1.10,1.14,1.11,3.55,4.51,4.64,24.2,2.000,0.172,4.79
88000,1505,68,30.9,0.0,7.7,0.0,7.7,0.0,1.00,0.8,31,860,31.18,19.85,47,21,0,0.0,1.00,1.00,1.00,2.43,3.99,3.93,22.8,2.000,0.143,4.16
88000,1535,53,46.0,0.0,11.3,0.0,11.7,0.0,1.00,0.4,19,1032,51.33,29.94,34,19,0,0.0,1.00,1.00,1.00,3.68,4.75,4.79,17.0,2.000,0.223,4.87
88000,1565,25,47.0,0.0,17.0,0.0,6.4,0.0,1.00,0.2,9,1096,50.07,25.78,3,5,17,0.0,1.00,1.00,1.00,3.80,4.80,4.92,37.8,2.000,0.174,4.92
88000,1311,25,32.2,0.0,10.1,0.0,6.0,0.0,1.00,0.2,10,1023,38.98,17.81,9,5,11,0.0,1.00,1.00,1.00,3.00,4.08,4.00,33.5,2.000,0.386,4.08
88000,1563,25,41.4,0.0,10.3,0.0,10.4,0.0,1.00,1.0,14,762,40.35,20.99,25,0,0,0.0,1.00,1.00,1.00,3.56,4.48,4.60,9.5,2.000,0.546,4.80
88000,1477,22,30.9,0.0,9.3,0.0,6.2,0.0,1.00,0.3,6,1251,48.75,13.18,16,6,0,0.0,1.00,1.00,1.00,2.77,3.86,4.00,22.0,2.000,0.527,4.00
88000,1443,20,34.3,0.0,1.3,0.0,15.9,0.0,1.00,1.4,9,928,53.20,14.35,2,17,1,0.0,1.00,1.00,1.00,2.85,4.10,4.20,31.4,2.000,0.218,4.50
88000,1455,19,38.7,0.0,12.5,0.0,6.9,0.0,1.00,3.4,8,1191,56.37,20.12,9,8,2,0.0,1.00,1.00,1.00,3.47,4.26,4.79,24.9,2.000,0.396,5.26
88000,1518,19,42.9,0.8,6.2,0.0,13.6,0.0,1.21,0.3,15,1212,56.53,13.87,19,0,0,0.4,1.00,1.43,1.21,3.16,4.47,4.63,20.7,2.000,0.211,4.63
88000,1419,16,50.5,0.0,13.8,0.0,11.4,0.0,1.00,1.1,6,916,39.86,21.78,3,6,7,0.0,1.00,1.00,1.00,4.12,4.94,5.00,34.8,2.000,0.160,5.25
88000,1555,15,33.2,0.0,9.1,0.0,7.5,0.0,1.00,0.0,6,1105,47.03,49.92,12,3,0,0.0,1.00,1.00,1.00,2.73,4.07,4.07,20.7,2.000,0.118,4.07
88000,1498,11,43.1,0.0,13.1,0.0,8.5,0.0,1.00,1.3,6,1094,48.83,26.69,2,0,9,0.0,1.00,1.00,1.00,3.73,4.73,4.64,50.7,2.000,0.117,5.00
88000,1522,10,32.0,0.0,11.8,0.0,4.2,0.0,1.00,0.0,5,899,33.09,15.96,0,9,1,0.0,1.00,1.00,1.00,2.00,4.00,4.00,32.3,2.000,0.076,4.00
88000,1427,8,30.0,0.0,10.8,0.0,4.2,0.0,1.00,0.5,4,676,36.44,17.03,3,5,0,0.0,1.00,1.00,1.00,1.75,4.00,3.75,25.7,2.000,0.653,4.00
88000,1554,6,43.7,0.0,12.2,0.0,9.7,0.0,1.00,0.7,4,925,35.35,9.97,1,5,0,0.0,1.00,1.00,1.00,3.67,4.83,4.50,28.1,2.000,0.122,4.83
89000,1066,614,44.1,0.0,10.4,0.0,11.6,0.0,1.00,0.4,195,996,43.94,22.36,133,297,184,0.0,1.00,1.00,1.00,3.53,4.67,4.70,32.9,2.000,0.403,4.79
89000,1515,252,44.5,0.0,11.6,0.0,10.6,0.0,1.00,0.8,109,884,46.36,22.20,84,131,37,0.0,1.00,1.00,1.00,3.61,4.77,4.70,28.3,2.000,0.313,4.94
89000,1516,250,39.4,0.0,10.3,0.0,9.4,0.0,1.00,0.6,85,772,40.81,19.80,64,73,113,0.0,1.00,1.00,1.00,3.40,4.46,4.51,34.5,2.000,0.216,4.65
89000,1442,250,32.4,0.0,9.7,0.0,6.5,0.0,1.00,0.5,70,1031,38.76,25.01,40,46,164,0.0,1.00,1.00,1.00,2.55,4.04,4.07,41.4,2.000,0.118,4.18
89000,1408,169,46.3,0.0,9.8,0.0,13.3,0.0,1.00,1.0,54,1113,54.92,27.36,50,70,49,0.0,1.00,1.00,1.00,3.79,4.74,4.89,32.2,2.000,0.419,5.06
89000,1458,155,45.4,0.0,11.7,0.0,11.0,0.0,1.00,1.2,68,933,46.63,23.50,45,34,76,0.0,1.00,1.00,1.00,3.66,4.78,4.79,33.6,2.000,0.162,5.07
89000,1483,129,47.7,0.0,15.1,0.0,8.7,0.0,1.00,0.4,33,1145,50.84,21.75,39,58,32,0.0,1.00,1.00,1.00,3.91,4.91,4.95,30.3,2.000,0.149,5.03
89000,1446,126,36.6,0.0,9.9,0.0,8.3,0.0,1.00,0.3,45,1307,51.33,25.54,10,36,80,0.0,1.00,1.00,1.00,2.78,4.25,4.25,42.5,2.000,0.080,4.33
89000,1401,123,44.9,0.0,12.8,0.0,9.6,0.0,1.00,1.1,45,1120,49.66,22.69,27,69,27,0.0,1.00,1.00,1.00,3.72,4.69,4.75,31.8,2.000,0.161,4.99
89000,1562,106,45.0,0.0,8.4,0.0,14.1,0.0,1.00,1.1,52,743,34.56,15.58,82,23,1,0.0,1.00,1.00,1.00,3.65,4.72,4.84,20.6,2.000,0.131,5.05
89000,1534,80,43.4,0.4,10.4,0.0,10.6,0.0,1.20,1.0,38,898,38.08,15.79,54,26,0,0.0,1.22,1.21,1.18,3.62,4.62,4.72,23.6,2.000,0.186,4.94
89000,1535,73,43.6,0.0,10.0,0.0,11.8,0.0,1.00,1.1,36,907,46.62,23.42,47,20,6,0.0,1.00,1.00,1.00,3.73,4.77,4.71,19.5,2.000,0.258,4.97
89000,811,66,19.4,1.2,0.4,0.8,15.4,0.1,1.32,10.8,56,451,25.19,5.87,17,27,22,0.1,1.43,1.31,1.28,3.42,4.55,4.64,34.3,1.038,0.462,7.17
89000,1505,46,30.1,0.0,9.5,0.0,5.5,0.0,1.00,0.7,15,1391,46.20,24.58,36,10,0,0.0,1.00,1.00,1.00,2.17,3.89,3.89,22.4,2.000,0.131,4.07
89000,1518,26,39.8,0.7,4.8,0.0,13.6,0.0,1.21,0.1,20,1248,60.00,11.31,24,2,0,0.3,1.00,1.37,1.24,2.54,4.35,4.38,21.0,2.000,0.271,4.38
89000,1477,26,30.6,0.0,8.4,0.0,6.9,0.0,1.00,0.8,8,1305,53.02,15.11,21,5,0,0.0,1.00,1.00,1.00,2.69,4.12,4.08,21.5,2.000,0.577,4.23
89000,1565,23,47.4,0.0,17.0,0.0,6.7,0.0,1.00,0.1,8,1120,45.43,30.64,2,2,19,0.0,1.00,1.00,1.00,3.74,4.87,4.91,38.6,2.000,0.214,4.91
89000,1563,22,41.5,0.0,11.3,0.0,9.5,0.0,1.00,0.4,12,1509,73.14,26.68,22,0,0,0.0,1.00,1.00,1.00,4.00,4.45,4.64,11.3,2.000,0.575,4.64
89000,1311,21,28.6,0.0,9.1,0.0,5.1,0.0,1.00,0.7,10,842,25.74,23.32,12,7,2,0.0,1.00,1.00,1.00,2.48,3.86,3.90,24.6,2.000,0.422,4.00
89000,1555,10,32.8,0.0,11.1,0.0,5.3,0.0,1.00,0.0,5,1779,61.42,69.06,8,2,0,0.0,1.00,1.00,1.00,3.50,4.10,4.10,18.5,2.000,0.115,4.10
89000,1581,9,50.2,0.0,11.4,0.0,13.7,0.0,1.00,0.2,4,1082,39.04,26.48,9,0,0,0.0,1.00,1.00,1.00,4.11,5.00,5.11,16.9,2.000,0.147,5.11
89000,1443,8,32.7,0.0,0.2,0.0,16.1,0.0,1.00,2.5,5,375,23.90,19.95,1,7,0,0.0,1.00,1.00,1.00,2.88,4.25,3.75,27.7,2.000,0.151,4.62
89000,1455,7,50.0,0.0,14.9,0.0,10.1,0.0,1.00,0.0,4,1694,95.37,42.14,4,3,0,0.0,1.00,1.00,1.00,4.00,5.00,5.00,19.9,2.000,0.359,5.00
89000,1522,7,32.0,0.0,11.0,0.0,5.0,0.0,1.00,0.0,3,1478,64.22,20.49,0,7,0,0.0,1.00,1.00,1.00,2.14,4.00,4.00,30.4,2.000,0.068,4.00
89000,1419,7,39.4,0.0,10.7,0.0,9.0,0.0,1.00,0.0,3,1152,41.06,45.47,0,3,4,0.0,1.00,1.00,1.00,3.14,4.43,4.43,37.2,2.000,0.171,4.43
89000,1427,6,32.0,0.0,12.2,0.0,3.8,0.0,1.00,0.0,3,1470,46.96,19.73,3,3,0,0.0,1.00,1.00,1.00,2.33,4.00,4.00,25.3,2.000,0.648,4.00
89000,1589,5,50.0,0.0,5.4,0.0,19.6,0.0,1.00,0.0,2,2330,135.55,34.35,0,3,2,0.0,1.00,1.00,1.00,4.00,5.00,5.00,37.1,2.000,0.042,5.00
90000,1066,591,43.7,0.0,10.6,0.0,11.2,0.0,1.00,0.4,197,934,41.19,21.69,134,302,155,0.0,1.00,1.00,1.00,3.55,4.66,4.66,32.3,2.000,0.404,4.77
90000,1516,252,37.3,0.0,9.6,0.0,9.1,0.0,1.00,1.1,94,876,43.89,21.63,62,80,110,0.0,1.00,1.00,1.00,3.19,4.31,4.34,34.2,2.000,0.217,4.59
90000,1515,228,48.7,0.0,13.1,0.0,11.3,0.0,1.01,1.0,79,1118,57.85,27.03,83,128,17,0.0,1.02,1.00,1.01,3.84,4.87,4.90,27.3,2.000,0.292,5.11
90000,1442,183,31.6,0.0,9.1,0.0,6.7,0.0,1.00,0.8,63,1040,39.28,22.09,36,40,107,0.0,1.00,1.00,1.00,2.59,3.98,4.04,39.8,2.000,0.112,4.21
90000,1458,155,43.3,0.0,10.6,0.0,11.0,0.0,1.00,1.2,70,973,47.20,25.66,41,43,71,0.0,1.00,1.00,1.00,3.61,4.70,4.71,33.7,2.000,0.160,5.01
90000,1408,142,47.2,0.0,9.8,0.0,13.8,0.0,1.00,0.8,39,1117,57.03,28.41,45,44,53,0.0,1.00,1.00,1.00,3.80,4.84,4.90,31.3,2.000,0.437,5.06
90000,1446,138,41.5,0.5,9.0,0.0,10.7,0.0,1.13,0.4,65,919,37.55,19.93,10,33,95,0.0,1.17,1.11,1.12,3.20,4.46,4.51,44.9,2.000,0.059,4.58
90000,1483,136,47.8,0.0,14.3,0.0,9.6,0.0,1.00,0.8,42,1080,48.19,21.92,51,45,40,0.0,1.00,1.00,1.00,3.90,4.90,4.95,30.5,2.000,0.139,5.13
90000,1401,104,42.9,0.0,12.8,0.0,8.6,0.0,1.00,1.2,42,1246,52.29,25.90,23,54,27,0.0,1.00,1.00,1.00,3.59,4.61,4.69,32.0,2.000,0.157,4.96
90000,1535,85,41.2,0.0,9.6,0.0,11.0,0.0,1.00,1.0,47,833,39.84,17.99,46,22,17,0.0,1.00,1.00,1.00,3.41,4.51,4.61,24.7,2.000,0.203,4.81
90000,1534,71,42.3,0.0,11.0,0.0,10.0,0.0,1.00,0.8,26,1090,49.39,23.47,52,17,2,0.0,1.00,1.00,1.00,3.37,4.59,4.65,23.0,2.000,0.184,4.83
90000,1562,71,46.9,0.0,10.3,0.0,13.1,0.0,1.00,0.8,27,1155,50.09,29.23,37,27,7,0.0,1.00,1.00,1.00,3.89,4.82,4.90,25.7,2.000,0.114,5.06
90000,1505,61,32.0,0.0,9.8,0.0,6.3,0.0,1.00,0.3,18,1100,38.62,13.78,46,15,0,0.0,1.00,1.00,1.00,2.20,4.05,4.07,22.6,2.000,0.141,4.13
90000,1477,35,26.5,0.0,6.9,0.0,6.3,0.0,1.00,1.5,20,771,35.33,13.51,28,7,0,0.0,1.00,1.00,1.00,2.37,3.63,3.74,20.8,2.000,0.545,4.06
90000,1563,30,41.1,0.0,11.6,0.0,9.0,0.0,1.00,0.7,15,951,41.38,13.33,29,1,0,0.0,1.00,1.00,1.00,3.37,4.50,4.50,14.9,2.000,0.561,4.67
90000,1606,26,42.6,0.0,14.4,0.0,6.9,0.0,1.00,0.2,7,811,37.43,21.44,5,14,7,0.0,1.00,1.00,1.00,3.73,4.58,4.65,33.6,2.000,0.183,4.65
90000,811,23,10.3,0.6,0.1,0.2,8.8,0.0,1.22,14.4,21,645,37.62,6.29,7,4,12,0.0,1.32,1.42,1.15,2.87,3.78,3.30,39.5,1.019,0.481,7.13
90000,1603,21,45.0,0.0,11.8,0.0,10.7,0.0,1.00,0.2,11,1253,58.16,18.54,11,10,0,0.0,1.00,1.00,1.00,3.81,4.71,4.81,25.7,2.000,0.166,4.81
90000,1609,20,47.6,0.0,13.2,0.0,10.6,0.0,1.00,0.7,9,1142,50.45,29.22,5,10,5,0.0,1.00,1.00,1.00,4.00,5.05,4.80,32.0,2.000,0.613,5.10
90000,1518,20,45.0,1.0,5.8,0.0,14.6,0.0,1.32,0.1,15,1180,65.17,9.53,19,1,0,0.4,1.16,1.51,1.30,3.40,4.65,4.70,22.0,2.000,0.260,4.70
90000,1565,18,43.3,0.0,15.9,0.0,5.7,0.0,1.00,0.8,9,1483,66.01,32.69,6,4,8,0.0,1.00,1.00,1.00,3.89,4.56,4.83,32.2,2.000,0.228,4.89
90000,1589,13,28.3,0.3,1.5,0.0,12.1,0.0,1.11,4.9,12,633,44.89,33.07,1,10,2,0.1,1.05,1.21,1.08,2.54,3.62,4.00,31.2,2.000,0.160,4.92
90000,1522,12,31.3,0.0,7.9,0.0,7.8,0.0,1.00,0.2,8,933,45.61,17.54,3,9,0,0.0,1.00,1.00,1.00,3.17,3.92,4.00,28.7,2.000,0.103,4.00
90000,1581,12,50.2,0.0,12.0,0.0,13.1,0.0,1.00,0.2,4,948,27.04,9.98,10,2,0,0.0,1.00,1.00,1.00,3.92,5.00,5.08,17.6,2.000,0.150,5.08
90000,1570,11,40.2,0.0,7.9,0.0,12.2,0.0,1.00,0.0,5,1822,66.77,18.75,9,1,1,0.0,1.00,1.00,1.00,2.73,4.45,4.45,21.8,2.000,0.069,4.45
90000,1419,11,51.8,0.0,11.3,0.0,14.6,0.0,1.00,0.2,10,841,32.44,29.78,8,2,1,0.0,1.00,1.00,1.00,4.18,5.09,5.00,23.6,2.000,0.228,5.09
90000,1311,7,36.9,0.0,10.4,0.0,8.0,0.0,1.00,0.3,7,1282,40.05,30.67,3,1,3,0.0,1.00,1.00,1.00,2.71,4.43,4.29,30.4,2.000,0.381,4.43
90000,1498,7,36.9,0.0,10.7,0.0,7.7,0.0,1.00,2.6,4,883,46.47,17.42,0,0,7,0.0,1.00,1.00,1.00,3.29,4.57,4.14,48.0,2.000,0.124,5.00
90000,1427,6,32.0,0.0,12.2,0.0,3.8,0.0,1.00,0.0,3,1919,60.22,17.05,5,1,0,0.0,1.00,1.00,1.00,1.83,4.00,4.00,24.1,2.000,0.648,4.00
90000,1604,5,50.0,0.0,4.0,0.0,21.0,0.0,1.00,0.0,2,1125,69.60,12.31,0,0,5,0.0,1.00,1.00,1.00,4.00,5.00,5.00,42.9,2.000,0.086,5.00
90000,1555,5,31.6,0.0,12.8,0.0,3.0,0.0,1.00,0.0,2,981,32.63,31.12,2,3,0,0.0,1.00,1.00,1.00,2.00,4.00,4.00,30.0,2.000,0.113,4.00
91000,1516,303,39.1,0.0,10.1,0.0,9.4,0.0,1.00,0.9,97,839,43.79,21.04,52,108,143,0.0,1.00,1.00,1.00,3.50,4.40,4.44,35.6,2.000,0.213,4.65
91000,1066,293,45.7,0.0,11.1,0.0,11.7,0.0,1.01,0.5,105,1131,54.72,23.68,73,152,68,0.0,1.01,1.01,1.01,3.60,4.78,4.80,31.6,2.000,0.542,4.89
91000,1621,229,44.5,0.1,10.7,0.0,11.3,0.0,1.05,0.9,76,991,40.78,27.06,106,40,83,0.0,1.01,1.08,1.06,3.68,4.72,4.75,31.3,2.000,0.161,4.96
91000,1408,199,44.7,0.0,9.0,0.0,13.4,0.0,1.00,1.9,86,773,43.78,27.43,49,88,62,0.0,1.00,1.00,1.00,3.72,4.77,4.80,32.7,2.000,0.444,5.27
91000,1515,164,45.8,0.0,13.0,0.0,9.9,0.0,1.00,0.5,60,1169,61.36,30.13,63,71,30,0.0,1.00,1.00,1.00,3.79,4.78,4.80,27.1,2.000,0.290,4.93
91000,1442,159,32.9,0.0,9.1,0.0,7.3,0.0,1.00,0.3,53,968,37.49,19.63,13,34,112,0.0,1.00,1.00,1.00,2.48,4.08,4.09,43.0,2.000,0.108,4.16
91000,1483,104,46.3,0.0,14.8,0.0,8.4,0.0,1.00,0.5,28,1257,58.21,27.95,33,34,37,0.0,1.00,1.00,1.00,3.81,4.85,4.81,31.4,2.000,0.146,4.94
91000,1534,103,43.4,0.0,11.1,0.0,10.6,0.0,1.01,0.8,34,935,46.84,20.42,83,18,2,0.0,1.01,1.01,1.01,3.62,4.62,4.70,21.8,2.000,0.178,4.85
91000,1458,95,45.3,0.0,12.0,0.0,10.7,0.0,1.00,0.7,34,1012,44.61,23.00,7,21,67,0.0,1.00,1.00,1.00,3.67,4.74,4.83,39.7,2.000,0.155,4.95
91000,1535,86,46.1,0.0,12.0,0.0,11.1,0.0,1.00,0.4,35,960,53.07,23.85,44,25,17,0.0,1.00,1.00,1.00,3.84,4.83,4.88,24.8,2.000,0.220,4.94
91000,1562,67,44.7,0.0,10.7,0.0,11.7,0.0,1.00,0.7,25,987,41.03,24.43,24,27,16,0.0,1.00,1.00,1.00,3.72,4.76,4.78,30.0,2.000,0.114,4.94
91000,1446,64,38.1,0.0,9.9,0.0,9.2,0.0,1.00,0.3,32,1164,51.46,31.24,8,21,35,0.0,1.00,1.00,1.00,3.16,4.34,4.38,38.9,2.000,0.049,4.44
91000,1505,63,30.3,0.0,9.2,0.0,5.9,0.0,1.00,0.6,17,1146,43.26,12.89,45,16,2,0.0,1.00,1.00,1.00,2.38,3.94,3.97,22.4,2.000,0.138,4.10
91000,1401,58,45.6,0.0,12.8,0.0,10.0,0.0,1.00,0.5,23,1249,50.55,27.05,15,24,19,0.0,1.00,1.00,1.00,3.76,4.76,4.88,31.8,2.000,0.175,4.95
91000,1624,38,39.7,0.0,8.9,0.0,11.0,0.0,1.00,0.8,20,537,25.62,23.84,37,0,1,0.0,1.00,1.00,1.00,3.47,4.66,4.53,9.1,2.000,0.124,4.79
91000,1477,37,31.7,0.0,8.2,0.0,7.7,0.0,1.00,0.1,15,1140,45.87,18.56,26,11,0,0.0,1.00,1.00,1.00,2.76,4.00,4.03,21.3,2.000,0.567,4.03
91000,1518,33,38.5,0.2,3.4,0.0,15.4,0.0,1.13,1.1,19,711,39.93,8.97,26,7,0,0.0,1.05,1.21,1.13,3.33,4.45,4.15,21.0,2.000,0.288,4.58
91000,1563,30,33.4,0.0,8.7,0.0,8.0,0.0,1.00,1.5,13,926,42.43,13.77,27,3,0,0.0,1.00,1.00,1.00,3.17,3.93,4.23,19.1,2.000,0.595,4.47
91000,1498,21,32.7,0.0,9.1,0.0,7.2,0.0,1.00,2.0,12,422,25.89,7.90,0,3,18,0.0,1.00,1.00,1.00,3.24,4.00,4.14,41.2,2.000,0.242,4.52
91000,1603,19,48.6,0.0,12.6,0.0,11.7,0.0,1.00,0.0,8,1724,72.00,19.13,11,8,0,0.0,1.00,1.00,1.00,3.95,4.95,4.95,25.3,2.000,0.152,4.95
91000,1626,17,29.6,0.0,8.9,0.0,5.9,0.0,1.00,0.5,6,1408,53.14,31.90,14,3,0,0.0,1.00,1.00,1.00,2.41,3.94,3.82,22.7,2.000,0.160,4.00
91000,1606,16,39.1,0.0,13.1,0.0,6.5,0.0,1.00,0.4,8,1647,65.06,37.26,3,7,6,0.0,1.00,1.00,1.00,3.81,4.50,4.44,34.0,2.000,0.169,4.56
91000,1570,14,44.1,0.6,7.3,0.0,13.6,0.0,1.13,0.0,6,1348,50.37,17.27,7,5,2,0.0,1.00,1.30,1.11,3.57,4.64,4.64,27.6,2.000,0.051,4.64
91000,1565,13,43.7,0.0,15.8,0.0,6.0,0.0,1.00,0.9,8,1321,51.81,13.24,0,8,5,0.0,1.00,1.00,1.00,3.85,4.92,4.46,34.9,2.000,0.253,4.92
91000,1419,12,48.3,0.0,11.1,0.0,13.1,0.0,1.00,0.0,5,914,36.51,22.41,11,1,0,0.0,1.00,1.00,1.00,3.83,4.92,4.92,19.1,2.000,0.128,4.92
91000,1579,11,54.5,0.0,13.9,0.0,13.4,0.0,1.00,1.8,7,1100,79.22,33.40,10,1,0,0.0,1.00,1.00,1.00,4.36,5.55,5.27,17.9,2.000,0.260,5.82
91000,1427,6,28.3,0.0,8.7,0.0,5.5,0.0,1.00,0.7,3,492,14.49,9.00,4,2,0,0.0,1.00,1.00,1.00,3.67,3.83,4.00,25.9,2.000,0.564,4.00
91000,1443,6,36.3,0.0,3.5,0.0,14.7,0.0,1.00,0.3,4,471,25.06,3.23,3,3,0,0.0,1.00,1.00,1.00,3.50,4.50,4.33,26.7,2.000,0.254,4.50
91000,1609,5,63.6,0.0,12.6,0.0,19.2,0.0,1.00,0.4,4,1466,43.41,13.68,0,2,3,0.0,1.00,1.00,1.00,4.80,5.60,5.80,40.3,2.000,0.578,5.80
91000,1581,5,50.0,0.0,13.2,0.0,11.8,0.0,1.00,0.0,2,1385,31.39,19.56,2,3,0,0.0,1.00,1.00,1.00,4.00,5.00,5.00,22.1,2.000,0.141,5.00
91000,1522,5,31.6,0.0,7.8,0.0,8.0,0.0,1.00,0.0,4,1423,68.52,45.72,1,3,1,0.0,1.00,1.00,1.00,2.80,4.00,4.00,30.5,2.000,0.101,4.00
92000,1516,313,38.8,0.0,9.7,0.0,9.7,0.0,1.00,1.2,99,788,44.27,21.98,56,107,150,0.0,1.00,1.00,1.00,3.49,4.43,4.40,35.9,2.000,0.207,4.71
92000,1066,305,45.7,0.1,11.3,0.0,11.4,0.0,1.04,0.3,102,1154,51.74,21.38,76,130,99,0.0,1.03,1.03,1.04,3.45,4.75,4.76,32.2,2.000,0.456,4.83
92000,1515,150,43.5,0.0,12.4,0.0,9.4,0.0,1.00,0.5,50,1065,50.07,25.90,60,74,16,0.0,1.00,1.00,1.00,3.57,4.69,4.67,27.0,2.000,0.285,4.81
92000,1408,147,46.1,0.0,9.4,0.0,13.6,0.0,1.00,1.1,73,940,51.07,27.56,44,58,45,0.0,1.00,1.00,1.00,3.94,4.88,4.89,32.6,2.000,0.466,5.15
92000,1621,136,45.7,0.2,11.1,0.0,11.3,0.0,1.08,0.5,43,1035,42.13,27.85,70,41,25,0.1,1.02,1.14,1.10,3.75,4.76,4.77,28.0,2.000,0.144,4.90
92000,1442,107,31.0,0.0,8.6,0.0,6.8,0.0,1.01,0.7,39,982,41.40,20.16,11,31,65,0.0,1.00,1.01,1.01,2.65,3.95,4.00,39.9,2.000,0.108,4.14
92000,1648,104,30.1,0.1,7.6,0.0,7.4,0.0,1.03,0.5,32,993,35.78,14.97,15,78,11,0.0,1.04,1.02,1.03,2.31,3.88,3.91,31.8,2.000,0.167,4.01
92000,1483,102,44.1,0.0,13.1,0.0,9.0,0.0,1.00,1.1,40,1088,55.56,28.43,46,34,22,0.0,1.00,1.00,1.00,3.67,4.67,4.81,26.8,2.000,0.147,5.00
92000,1534,97,45.9,0.0,11.3,0.0,11.6,0.0,1.00,0.6,31,951,54.06,22.31,73,24,0,0.0,1.00,1.00,1.00,3.76,4.78,4.84,22.6,2.000,0.171,4.96
92000,1535,89,39.9,0.0,10.8,0.0,9.2,0.0,1.00,0.8,42,1051,59.03,28.30,55,11,23,0.0,1.00,1.00,1.00,3.37,4.47,4.49,23.9,2.000,0.206,4.67
92000,1646,81,33.9,0.2,8.6,0.0,7.9,0.0,1.04,0.3,44,858,40.12,17.87,8,28,45,0.1,1.00,1.08,1.04,3.06,4.14,4.07,38.4,2.000,0.174,4.17
92000,1562,67,46.4,0.0,10.5,0.0,12.7,0.0,1.00,0.5,29,763,33.03,26.19,19,31,17,0.0,1.00,1.00,1.00,3.91,4.82,4.82,31.4,2.000,0.120,4.96
92000,1647,67,54.4,0.0,15.1,0.0,12.1,0.0,1.00,0.7,25,1129,63.42,31.41,28,24,15,0.0,1.00,1.00,1.00,4.13,5.16,5.10,29.7,2.000,0.129,5.30
92000,1446,62,38.6,0.0,10.2,0.0,9.1,0.0,1.00,0.5,29,909,41.07,26.72,15,17,30,0.0,1.00,1.00,1.00,3.10,4.39,4.39,35.7,2.000,0.066,4.50
92000,1505,55,30.2,0.0,9.3,0.0,5.9,0.0,1.00,0.4,13,1351,50.40,18.40,46,6,3,0.0,1.00,1.00,1.00,2.25,3.87,3.95,21.4,2.000,0.129,4.00
92000,1477,55,30.6,0.0,7.0,0.0,8.3,0.0,1.00,0.4,20,916,38.87,17.47,42,11,2,0.0,1.00,1.00,1.00,2.62,3.85,4.00,21.8,2.000,0.578,4.02
92000,1651,47,54.5,0.0,9.5,0.0,17.7,0.0,1.00,1.2,26,1252,65.04,27.21,39,8,0,0.0,1.00,1.00,1.00,4.17,5.36,5.17,20.7,2.000,0.215,5.55
92000,1458,33,45.7,0.0,11.4,0.0,11.5,0.0,1.00,0.2,16,1313,72.89,32.94,0,7,26,0.0,1.00,1.00,1.00,3.70,4.79,4.79,40.9,2.000,0.120,4.85
92000,1624,28,44.6,0.0,11.0,0.0,11.3,0.0,1.00,0.1,8,1115,47.73,43.41,23,5,0,0.0,1.00,1.00,1.00,3.71,4.75,4.68,11.4,2.000,0.097,4.75
92000,1626,26,29.3,0.1,8.6,0.0,5.9,0.0,1.01,0.8,9,1052,40.12,24.68,15,7,4,0.0,1.00,1.02,1.00,2.92,3.73,3.92,26.9,2.000,0.174,4.04
92000,1603,26,48.8,0.0,11.2,0.0,13.3,0.0,1.00,0.1,11,758,35.02,14.53,17,9,0,0.0,1.00,1.00,1.00,3.92,5.00,5.04,24.5,2.000,0.161,5.04
92000,1655,24,42.0,0.0,13.0,0.0,8.0,0.0,1.00,0.9,15,737,28.32,18.52,22,2,0,0.0,1.00,1.00,1.00,3.54,4.50,4.79,15.4,2.000,0.331,4.88
92000,1401,23,44.3,0.0,13.8,0.0,8.3,0.0,1.00,0.6,14,1127,40.17,19.34,8,14,1,0.0,1.00,1.00,1.00,3.65,4.57,4.87,27.7,2.000,0.161,4.87
92000,1565,18,45.4,0.0,15.4,0.0,7.3,0.0,1.00,0.0,8,849,46.41,26.20,0,5,13,0.0,1.00,1.00,1.00,3.72,4.83,4.83,37.6,2.000,0.187,4.83
92000,1518,18,41.7,0.0,3.6,0.0,17.2,0.0,1.00,0.0,9,1151,45.40,11.98,8,10,0,0.0,1.00,1.00,1.00,3.22,4.56,4.56,26.3,2.000,0.243,4.56
92000,1563,15,41.6,0.0,12.3,0.0,8.5,0.0,1.00,0.0,8,1463,67.81,11.68,11,4,0,0.0,1.00,1.00,1.00,3.33,4.53,4.53,20.8,2.000,0.564,4.53
92000,1606,14,44.7,0.0,14.9,0.0,7.5,0.0,1.00,1.3,8,1309,82.25,25.75,1,11,2,0.0,1.00,1.00,1.00,3.86,4.79,4.71,34.6,2.000,0.152,5.07
92000,1658,12,34.7,0.0,10.5,0.0,6.8,0.0,1.00,1.8,8,1475,72.53,35.84,5,3,4,0.0,1.00,1.00,1.00,3.17,4.17,4.08,29.4,2.000,0.185,4.58
92000,1570,11,32.7,0.4,8.4,0.0,7.3,0.1,1.05,0.5,7,390,17.68,5.41,11,0,0,0.2,1.05,1.04,1.05,2.27,4.09,4.36,15.1,2.000,0.128,4.36
92000,1311,9,27.8,0.0,8.4,0.0,5.4,0.0,1.00,1.1,4,655,28.79,18.41,9,0,0,0.0,1.00,1.00,1.00,3.67,3.56,3.89,14.0,2.000,0.476,4.00
92000,1581,9,22.7,0.0,1.3,0.0,10.0,0.0,1.00,4.9,9,231,15.76,9.85,9,0,0,0.0,1.00,1.00,1.00,2.00,3.11,4.00,11.9,2.000,0.311,4.78
92000,1540,7,52.6,1.7,11.7,0.0,11.1,0.0,1.56,0.0,5,1395,87.92,64.17,7,0,0,0.3,1.00,1.89,1.67,4.00,5.00,5.00,4.5,2.000,0.322,5.00
92000,1579,7,72.0,0.0,20.4,0.0,15.6,0.0,1.00,0.0,4,1169,111.34,47.75,6,1,0,0.0,1.00,1.00,1.00,5.00,6.00,6.00,17.8,2.000,0.268,6.00
92000,1609,6,34.3,0.2,9.3,0.0,7.5,0.0,1.00,1.7,5,1338,38.39,20.92,0,1,5,0.0,1.00,1.00,1.00,3.67,4.33,4.17,46.4,2.000,0.483,4.67
92000,1589,5,67.6,0.0,17.2,0.0,16.6,0.0,1.00,0.0,2,1111,68.47,15.70,0,4,1,0.0,1.00,1.00,1.00,4.40,5.80,5.80,35.6,2.000,0.137,5.80
92000,1522,5,31.6,0.0,8.0,0.0,7.8,0.0,1.00,0.0,4,2108,96.79,58.08,1,3,1,0.0,1.00,1.00,1.00,3.60,4.00,4.00,29.9,2.000,0.079,4.00
93000,1516,249,37.3,0.0,9.9,0.0,8.8,0.0,1.00,0.6,77,908,45.74,23.30,67,62,120,0.0,1.00,1.00,1.00,3.30,4.34,4.31,34.5,2.000,0.244,4.48
93000,1066,202,45.9,0.2,11.1,0.0,11.4,0.0,1.10,0.3,82,1120,48.21,21.11,74,85,43,0.0,1.10,1.08,1.10,3.54,4.73,4.75,29.5,2.000,0.456,4.82
93000,1515,124,42.7,0.0,12.0,0.0,9.3,0.0,1.00,1.0,47,1004,46.56,22.59,76,39,9,0.0,1.00,1.00,1.00,3.65,4.65,4.63,23.7,2.000,0.282,4.89
93000,1534,92,46.1,0.0,12.1,0.0,11.0,0.0,1.00,0.5,33,1249,71.49,31.09,63,24,5,0.0,1.00,1.00,1.00,3.76,4.82,4.83,24.0,2.000,0.166,4.95
93000,1648,89,30.1,0.0,6.3,0.0,8.7,0.0,1.01,0.4,29,1019,36.23,17.79,25,49,15,0.0,1.01,1.01,1.01,2.46,3.93,3.88,31.7,2.000,0.202,4.01
93000,1442,77,32.2,0.2,9.4,0.0,6.4,0.0,1.06,0.3,24,1059,38.25,19.44,13,29,35,0.0,1.08,1.04,1.06,2.61,4.05,4.01,37.1,2.000,0.106,4.10
93000,1621,76,42.4,0.0,10.3,0.0,10.9,0.0,1.00,0.9,34,900,45.80,29.38,48,22,6,0.0,1.00,1.00,1.00,3.49,4.62,4.68,20.2,2.000,0.134,4.87
93000,1477,66,29.6,0.0,5.9,0.0,8.9,0.0,1.00,0.5,28,780,32.39,13.68,33,26,7,0.0,1.00,1.00,1.00,2.76,3.85,3.91,26.7,2.000,0.577,4.02
93000,1505,66,32.8,0.1,10.0,0.0,6.2,0.0,1.04,0.4,17,1030,42.79,19.29,58,3,5,0.0,1.00,1.08,1.04,2.79,4.02,4.06,21.0,2.000,0.126,4.14
93000,1483,63,48.4,0.0,14.2,0.0,10.0,0.0,1.00,0.3,18,1116,62.91,28.61,30,16,17,0.0,1.00,1.00,1.00,3.95,5.05,4.95,28.1,2.000,0.144,5.08
93000,1535,61,40.5,0.0,11.7,0.0,8.6,0.0,1.00,1.3,30,1238,59.00,28.37,45,5,11,0.0,1.00,1.00,1.00,3.33,4.51,4.39,20.4,2.000,0.170,4.79
93000,1646,59,35.1,0.0,9.3,0.0,8.3,0.0,1.00,0.2,26,1056,52.11,23.09,20,16,23,0.0,1.00,1.00,1.00,3.00,4.14,4.17,31.3,2.000,0.144,4.20
93000,1647,57,56.4,0.0,15.1,0.0,13.1,0.0,1.00,0.2,26,1125,68.72,33.75,23,21,13,0.0,1.00,1.00,1.00,4.28,5.30,5.32,29.6,2.000,0.158,5.35
93000,1446,55,36.6,0.0,9.9,0.0,8.4,0.0,1.00,0.4,23,610,38.15,21.25,22,20,13,0.0,1.00,1.00,1.00,2.89,4.24,4.31,30.5,2.000,0.055,4.38
93000,1408,37,52.5,0.0,8.9,0.0,17.4,0.0,1.00,0.4,14,1261,62.84,34.75,11,15,11,0.0,1.00,1.00,1.00,4.11,5.14,5.14,31.9,2.000,0.490,5.24
93000,1682,36,43.6,0.0,10.7,0.0,11.1,0.0,1.00,0.8,14,1147,51.16,27.76,19,14,3,0.0,1.00,1.00,1.00,3.47,4.69,4.67,25.8,2.000,0.129,4.89
93000,1651,31,57.9,0.0,7.6,0.0,21.3,0.0,1.00,0.3,20,1180,63.16,19.74,20,11,0,0.0,1.00,1.00,1.00,4.65,5.61,5.58,21.4,2.000,0.252,5.65
93000,1684,30,52.7,0.0,2.4,0.0,23.9,0.0,1.01,1.6,14,447,38.05,20.34,13,12,5,0.0,1.01,1.00,1.02,3.77,5.10,5.07,27.6,2.000,0.272,5.47
93000,1695,20,29.4,0.0,1.8,0.0,12.9,0.0,1.00,0.4,8,522,26.55,15.49,1,7,12,0.0,1.00,1.00,1.00,1.95,3.95,3.85,38.2,2.000,0.038,4.00
93000,1562,19,49.2,0.0,12.0,0.0,12.6,0.0,1.00,0.0,9,1409,63.44,57.77,8,7,4,0.0,1.00,1.00,1.00,3.95,5.00,5.00,30.2,2.000,0.117,5.00
93000,1626,19,34.1,0.0,8.1,0.0,8.9,0.0,1.00,0.1,10,1045,35.77,25.42,12,4,3,0.0,1.00,1.00,1.00,3.37,4.16,4.21,21.9,2.000,0.191,4.21
93000,1563,17,33.8,0.0,9.1,0.0,7.8,0.0,1.00,0.8,10,1209,52.76,21.21,15,2,0,0.0,1.00,1.00,1.00,3.35,4.35,3.94,17.9,2.000,0.592,4.35
93000,1458,16,44.4,0.0,13.0,0.0,9.2,0.0,1.00,1.1,12,1512,82.15,26.89,2,3,11,0.0,1.00,1.00,1.00,3.62,4.69,4.75,37.8,2.000,0.140,5.00
93000,1603,16,49.0,0.0,13.8,0.0,10.7,0.0,1.00,0.0,5,1495,68.52,32.46,6,10,0,0.0,1.00,1.00,1.00,3.94,5.00,5.00,28.3,2.000,0.133,5.00
93000,1606,15,48.7,0.0,15.8,0.0,8.5,0.0,1.00,0.3,9,1182,64.57,32.55,2,5,8,0.0,1.00,1.00,1.00,3.67,4.93,4.93,38.1,2.000,0.141,5.00
93000,1565,15,44.5,0.0,16.7,0.0,5.6,0.0,1.00,0.7,6,1155,58.56,41.52,2,7,6,0.0,1.00,1.00,1.00,3.47,4.73,4.67,32.7,2.000,0.203,4.87
93000,1707,13,50.8,0.0,13.5,0.0,11.8,0.0,1.00,0.5,6,1158,73.02,34.44,10,3,0,0.0,1.00,1.00,1.00,3.69,5.08,4.85,20.4,2.000,0.203,5.08
93000,1683,12,29.2,0.0,9.1,0.0,5.5,0.0,1.00,0.5,6,916,27.51,12.94,1,6,5,0.0,1.00,1.00,1.00,2.17,3.92,3.83,35.1,2.000,0.048,4.00
93000,1712,11,46.9,0.0,15.9,0.0,7.5,0.0,1.00,0.2,4,1120,47.43,18.32,1,3,7,0.0,1.00,1.00,1.00,3.64,4.82,4.91,46.7,2.000,0.222,4.91
93000,1579,11,70.7,0.0,20.8,0.0,14.5,0.0,1.00,0.0,6,1313,97.81,47.10,10,1,0,0.0,1.00,1.00,1.00,5.09,6.00,6.00,19.9,2.000,0.278,6.00
93000,1518,9,42.0,0.0,0.3,0.0,20.7,0.0,1.00,0.0,3,2178,87.89,17.13,5,3,1,0.0,1.00,1.00,1.00,3.78,4.56,4.56,24.8,2.000,0.268,4.56
93000,1655,9,53.6,0.0,13.8,0.0,13.0,0.0,1.00,0.2,4,905,33.66,15.70,9,0,0,0.0,1.00,1.00,1.00,4.00,5.11,5.22,17.4,2.000,0.289,5.22
93000,1570,9,32.4,0.3,6.9,0.0,8.7,0.0,1.07,0.7,6,1156,40.79,31.80,9,0,0,0.1,1.00,1.06,1.10,1.89,4.11,4.00,14.6,2.000,0.084,4.22
93000,1540,9,47.3,0.0,7.8,0.0,15.9,0.0,1.00,0.0,7,1546,76.75,49.82,9,0,0,0.0,1.00,1.00,1.00,3.67,5.00,5.00,5.7,2.000,0.305,5.00
93000,1624,9,66.4,0.0,9.8,0.0,23.4,0.0,1.00,0.0,4,145,17.75,4.65,9,0,0,0.0,1.00,1.00,1.00,4.22,5.78,5.78,4.4,2.000,0.073,5.78
93000,1685,8,49.8,0.0,14.6,0.0,10.2,0.0,1.00,0.0,2,696,23.61,32.46,6,2,0,0.0,1.00,1.00,1.00,4.00,5.00,5.00,22.7,2.000,0.327,5.00
93000,1658,8,35.2,0.0,9.5,0.0,8.1,0.0,1.00,0.0,5,498,22.33,19.19,8,0,0,0.0,1.00,1.00,1.00,3.00,4.25,4.25,15.0,2.000,0.142,4.25
93000,1585,7,46.9,0.0,11.0,0.0,12.4,0.0,1.00,0.9,5,1032,54.97,33.94,6,1,0,0.0,1.00,1.00,1.00,4.00,4.71,5.14,22.2,2.000,0.118,5.14
93000,1688,7,50.0,0.0,16.7,0.0,8.3,0.0,1.00,0.0,3,695,26.23,11.71,7,0,0,0.0,1.00,1.00,1.00,4.00,5.00,5.00,16.7,2.000,0.105,5.00
93000,1311,5,32.0,0.0,11.0,0.0,5.0,0.0,1.00,0.0,1,451,19.39,11.41,0,5,0,0.0,1.00,1.00,1.00,2.80,4.00,4.00,28.5,2.000,0.380,4.00
94000,1516,153,41.4,0.0,11.1,0.0,9.6,0.0,1.00,0.4,37,1211,62.30,30.06,86,8,59,0.0,1.00,1.00,1.00,3.49,4.54,4.59,28.2,2.000,0.230,4.66
94000,1515,111,43.2,0.0,12.3,0.0,9.3,0.0,1.00,0.8,42,979,49.35,26.09,89,18,4,0.0,1.00,1.00,1.00,3.74,4.61,4.62,19.4,2.000,0.285,4.81
94000,1534,109,46.0,0.0,10.1,0.0,12.9,0.0,1.00,0.4,45,1135,60.41,27.51,83,20,6,0.0,1.00,1.00,1.00,3.66,4.82,4.89,22.3,2.000,0.204,4.94
94000,1066,79,49.5,0.0,12.6,0.0,12.1,0.0,1.00,0.3,43,1124,48.56,21.05,52,20,7,0.0,1.00,1.00,1.00,3.78,4.92,5.00,23.3,2.000,0.553,5.03
94000,1505,58,32.0,0.0,9.4,0.0,6.6,0.0,1.00,0.3,22,999,41.77,17.07,53,4,1,0.0,1.00,1.00,1.00,2.40,4.05,4.05,21.8,2.000,0.146,4.12
94000,1477,51,30.7,0.0,5.9,0.0,9.5,0.0,1.00,0.3,21,878,43.12,20.04,36,12,3,0.0,1.00,1.00,1.00,2.73,3.92,3.98,22.2,2.000,0.553,4.02
94000,1483,48,44.3,0.0,13.0,0.0,9.1,0.0,1.00,1.0,21,1452,88.50,38.15,32,7,9,0.0,1.00,1.00,1.00,3.62,4.73,4.71,24.9,2.000,0.157,4.96
94000,1442,46,31.7,0.3,9.3,0.0,6.0,0.0,1.10,0.3,10,1409,51.29,23.17,18,16,12,0.0,1.13,1.07,1.10,2.39,3.98,3.98,31.0,2.000,0.102,4.04
94000,1648,42,30.2,0.2,6.6,0.0,8.1,0.0,1.11,0.2,18,1200,39.81,15.19,17,16,9,0.0,1.11,1.12,1.10,2.50,3.90,3.98,29.1,2.000,0.207,4.00
94000,1621,42,42.3,0.0,10.3,0.0,10.9,0.0,1.00,0.9,15,1371,77.42,38.73,26,12,4,0.0,1.00,1.00,1.00,3.64,4.57,4.74,21.4,2.000,0.137,4.86
94000,1647,39,48.9,0.0,13.2,0.0,11.3,0.0,1.00,1.0,19,1037,53.50,25.10,24,12,3,0.0,1.00,1.00,1.00,3.90,5.03,5.00,26.0,2.000,0.153,5.26
94000,1446,33,39.9,0.0,12.2,0.0,7.8,0.0,1.00,0.5,13,1131,62.46,25.85,13,9,11,0.0,1.00,1.00,1.00,3.30,4.58,4.45,30.2,2.000,0.063,4.64
94000,1535,29,44.6,0.0,10.6,0.0,11.7,0.0,1.00,0.3,17,821,46.80,19.41,29,0,0,0.0,1.00,1.00,1.00,3.48,4.83,4.69,14.1,2.000,0.142,4.83
94000,1646,26,31.4,0.0,9.1,0.0,6.6,0.0,1.00,0.0,9,1040,39.48,21.34,17,4,5,0.0,1.00,1.00,1.00,2.46,4.00,4.00,22.9,2.000,0.115,4.00
94000,1606,22,50.0,0.0,14.9,0.0,10.1,0.0,1.00,1.5,15,1028,55.12,22.46,15,2,5,0.0,1.00,1.00,1.00,4.05,5.05,5.36,22.6,2.000,0.169,5.45
94000,1562,17,46.8,0.0,11.2,0.0,12.2,0.0,1.00,0.7,11,1474,70.08,51.06,11,5,1,0.0,1.00,1.00,1.00,4.06,4.82,4.94,27.5,2.000,0.127,5.06
94000,1682,16,41.5,0.0,11.6,0.0,9.2,0.0,1.00,0.4,11,1403,56.37,37.76,8,7,1,0.0,1.00,1.00,1.00,3.62,4.62,4.69,25.2,2.000,0.124,4.75
94000,1651,14,54.1,0.0,11.4,0.0,15.7,0.0,1.00,0.6,10,968,50.16,12.52,8,3,3,0.0,1.00,1.00,1.00,4.50,5.14,5.14,29.8,2.000,0.248,5.29
94000,1684,14,49.1,0.0,6.1,0.0,18.5,0.0,1.00,1.1,9,1067,76.43,44.06,6,5,3,0.0,1.00,1.00,1.00,4.07,5.07,4.79,28.3,2.000,0.249,5.21
94000,1603,13,49.2,0.0,13.9,0.0,10.7,0.0,1.00,0.0,4,1504,81.21,38.78,9,3,1,0.0,1.00,1.00,1.00,3.92,5.00,5.00,25.9,2.000,0.135,5.00
94000,1458,13,46.8,0.0,15.2,0.0,8.2,0.0,1.00,2.2,6,1069,34.70,18.57,6,2,5,0.0,1.00,1.00,1.00,4.23,4.85,4.85,27.8,2.000,0.126,5.38
94000,1570,13,36.2,0.0,8.4,0.0,9.7,0.0,1.00,0.0,5,1251,46.53,22.31,12,1,0,0.0,1.00,1.00,1.00,2.92,4.23,4.23,16.2,2.000,0.084,4.23
94000,1594,13,47.8,0.0,13.8,0.0,10.2,0.0,1.00,1.5,4,1140,46.42,44.13,13,0,0,0.0,1.00,1.00,1.00,3.85,5.08,5.23,17.5,2.000,0.283,5.54
94000,1624,11,60.0,0.0,14.9,0.0,15.1,0.0,1.00,0.0,5,1055,46.65,22.38,9,1,1,0.0,1.00,1.00,1.00,4.55,5.45,5.45,11.4,2.000,0.079,5.45
94000,1565,11,44.5,0.0,16.5,0.0,5.7,0.0,1.00,0.0,6,1711,71.74,53.03,3,5,3,0.0,1.00,1.00,1.00,3.91,4.82,4.82,30.5,2.000,0.272,4.82
94000,1408,10,56.6,0.0,7.9,0.0,20.4,0.0,1.00,0.0,5,1659,74.30,37.39,4,4,2,0.0,1.00,1.00,1.00,4.70,5.30,5.30,30.6,2.000,0.461,5.30
94000,1579,9,71.6,0.0,23.4,0.0,12.3,0.0,1.00,0.0,5,871,34.80,24.41,7,0,2,0.0,1.00,1.00,1.00,4.22,6.00,6.00,25.7,2.000,0.231,6.00
94000,1688,8,44.8,0.0,14.8,0.0,7.6,0.0,1.00,0.2,6,1034,47.75,14.17,8,0,0,0.0,1.00,1.00,1.00,4.00,5.12,5.00,16.3,2.000,0.110,5.12
94000,1707,7,55.4,0.0,17.0,0.0,10.7,0.0,1.00,1.4,5,1070,55.15,40.68,5,2,0,0.0,1.00,1.00,1.00,4.71,5.43,5.29,23.7,2.000,0.217,5.71
94000,1655,7,50.0,0.0,16.0,0.0,9.0,0.0,1.00,0.0,3,506,28.32,4.80,7,0,0,0.0,1.00,1.00,1.00,4.00,5.00,5.00,10.7,2.000,0.273,5.00
94000,1626,5,32.0,0.0,10.0,0.0,6.0,0.0,1.00,0.0,1,1205,25.60,48.60,4,0,1,0.0,1.00,1.00,1.00,2.40,4.00,4.00,23.2,2.000,0.142,4.00
94000,1712,5,49.2,0.0,16.6,0.0,8.0,0.0,1.00,0.0,2,1943,80.05,32.64,0,3,2,0.0,1.00,1.00,1.00,4.00,5.00,5.00,34.2,2.000,0.218,5.00
94000,1695,5,32.0,0.0,3.2,0.0,12.8,0.0,1.00,0.0,3,1486,61.67,16.49,0,2,3,0.0,1.00,1.00,1.00,1.40,4.00,4.00,39.4,2.000,0.029,4.00
94000,1683,5,32.0,0.0,9.6,0.0,6.4,0.0,1.00,0.0,2,1203,41.92,13.96,0,1,4,0.0,1.00,1.00,1.00,2.00,4.00,4.00,37.9,2.000,0.033,4.00
94000,1742,5,26.0,0.0,9.4,0.0,3.6,0.0,1.00,2.4,5,704,27.05,24.02,3,2,0,0.0,1.00,1.00,1.00,3.40,3.40,3.40,23.8,2.000,0.176,4.00
94000,1676,5,42.8,0.0,1.2,0.0,20.2,0.0,1.00,0.0,4,709,83.44,29.73,3,1,1,0.0,1.00,1.00,1.00,3.60,4.60,4.60,28.9,2.000,0.025,4.60
95000,1516,105,42.1,0.0,11.3,0.0,9.7,0.0,1.00,0.4,26,1097,62.58,31.21,83,13,9,0.0,1.00,1.00,1.00,3.60,4.54,4.57,18.3,2.000,0.260,4.67
95000,1534,89,48.2,0.0,12.0,0.0,12.0,0.0,1.00,0.5,36,945,46.12,27.03,68,15,6,0.0,1.00,1.00,1.00,3.91,4.87,4.98,22.4,2.000,0.187,5.06
95000,1750,74,42.3,0.3,9.8,0.0,10.8,0.0,1.16,1.1,44,837,44.96,24.34,59,12,3,0.0,1.19,1.17,1.14,3.53,4.59,4.57,23.2,2.000,0.191,4.86
95000,1505,53,32.6,0.1,9.9,0.0,6.2,0.0,1.05,0.4,15,1074,42.55,26.91,48,3,2,0.0,1.00,1.06,1.06,2.32,4.06,4.02,21.8,2.000,0.134,4.13
95000,1477,53,30.5,0.0,4.7,0.0,10.5,0.0,1.00,0.8,25,927,46.91,25.24,45,7,1,0.0,1.00,1.00,1.00,2.57,3.91,4.00,20.1,2.000,0.602,4.15
95000,1515,46,42.7,0.0,11.2,0.0,10.1,0.0,1.00,0.8,20,1215,70.24,43.03,29,13,4,0.0,1.00,1.00,1.00,3.57,4.65,4.72,22.1,2.000,0.284,4.89
95000,1535,46,47.2,0.0,13.2,0.0,10.4,0.0,1.00,0.5,29,777,45.70,25.20,46,0,0,0.0,1.00,1.00,1.00,3.85,4.89,4.83,12.3,2.000,0.178,4.98
95000,1646,37,29.7,0.0,7.1,0.0,7.8,0.0,1.00,0.9,21,760,41.11,24.14,37,0,0,0.0,1.00,1.00,1.00,2.46,3.86,3.95,16.1,2.000,0.197,4.14
95000,1066,31,44.0,0.0,11.8,0.0,10.2,0.0,1.00,1.1,23,1111,56.21,18.54,25,5,1,0.0,1.00,1.00,1.00,3.58,4.68,4.77,19.1,2.000,0.506,5.00
95000,1483,30,44.1,0.0,13.7,0.0,8.3,0.0,1.00,1.4,13,1204,70.56,28.18,27,2,1,0.0,1.00,1.00,1.00,3.63,4.83,4.70,18.9,2.000,0.141,5.10
95000,1446,28,36.6,0.0,11.4,0.0,6.9,0.0,1.00,0.5,15,1285,57.87,20.72,21,3,4,0.0,1.00,1.00,1.00,2.93,4.32,4.36,22.5,2.000,0.075,4.46
95000,1442,26,32.8,0.0,9.2,0.0,7.3,0.0,1.00,0.0,8,1244,42.09,32.47,14,10,2,0.0,1.00,1.00,1.00,2.58,4.08,4.08,25.5,2.000,0.137,4.08
95000,1648,17,27.4,0.4,4.9,0.0,8.0,0.0,1.21,0.9,13,1647,51.01,17.94,12,4,1,0.1,1.19,1.24,1.20,2.06,3.65,3.88,21.2,2.000,0.175,4.00
95000,1621,14,42.4,0.0,11.4,0.0,9.8,0.0,1.00,1.3,5,1311,64.32,27.92,12,1,1,0.0,1.00,1.00,1.00,3.43,4.50,4.71,11.3,2.000,0.184,4.93
95000,1603,14,45.4,0.0,12.6,0.0,10.1,0.0,1.00,0.1,8,1016,41.83,19.90,12,1,1,0.0,1.00,1.00,1.00,3.71,4.93,4.86,21.0,2.000,0.198,4.93
95000,1688,13,42.2,0.0,13.2,0.0,7.8,0.0,1.00,0.5,10,1253,40.79,23.15,13,0,0,0.0,1.00,1.00,1.00,3.69,4.92,4.85,16.9,2.000,0.162,5.00
95000,1606,13,32.2,0.0,7.8,0.0,8.3,0.0,1.00,7.7,12,688,43.05,31.36,10,2,1,0.0,1.00,1.00,1.00,3.38,4.31,4.62,23.9,2.000,0.161,6.23
95000,1647,11,50.2,0.0,14.1,0.0,11.0,0.0,1.00,1.3,8,1498,76.55,41.46,10,1,0,0.0,1.00,1.00,1.00,4.18,4.91,5.00,22.8,2.000,0.143,5.27
95000,1655,11,36.7,0.1,10.2,0.0,8.0,0.0,1.07,1.8,6,730,62.62,25.16,11,0,0,0.1,1.00,1.18,1.06,3.18,4.27,4.36,10.2,2.000,0.235,4.73
95000,1594,8,48.5,0.0,14.4,0.0,9.9,0.0,1.00,0.0,2,1727,81.55,64.66,7,0,1,0.0,1.00,1.00,1.00,3.88,5.00,5.00,20.9,2.000,0.311,5.00
95000,1624,8,51.8,0.0,11.4,0.0,14.5,0.0,1.00,0.5,6,1266,62.31,37.57,8,0,0,0.0,1.00,1.00,1.00,4.50,5.12,5.12,6.6,2.000,0.084,5.25
95000,1651,8,55.0,0.0,17.6,0.0,9.9,0.0,1.00,0.0,5,950,43.41,25.67,7,1,0,0.0,1.00,1.00,1.00,4.25,5.25,5.25,22.4,2.000,0.245,5.25
95000,1570,7,34.9,0.0,4.6,0.0,12.9,0.0,1.00,0.6,5,1741,76.61,28.33,7,0,0,0.0,1.00,1.00,1.00,2.86,4.00,4.29,15.7,2.000,0.055,4.29
95000,1579,7,68.9,0.0,22.9,0.0,11.6,0.0,1.00,0.0,5,1299,45.41,21.45,6,1,0,0.0,1.00,1.00,1.00,4.57,5.86,5.86,23.3,2.000,0.236,5.86
95000,1563,6,42.7,0.0,11.8,0.0,9.5,0.0,1.00,0.0,5,1634,116.06,59.58,5,1,0,0.0,1.00,1.00,1.00,4.00,4.67,4.67,20.0,2.000,0.543,4.67
95000,1684,6,53.7,0.0,7.2,0.0,19.7,0.0,1.00,0.0,4,1885,110.30,63.19,0,3,3,0.0,1.00,1.00,1.00,4.00,5.17,5.17,40.9,2.000,0.180,5.17
95000,1707,5,66.4,0.0,18.0,0.0,15.2,0.0,1.00,0.4,5,1249,75.54,45.23,3,2,0,0.0,1.00,1.00,1.00,5.00,6.40,6.20,21.3,2.000,0.310,6.40
95000,1752,5,50.0,0.0,0.0,0.0,25.0,0.0,1.00,0.0,1,950,55.21,48.11,4,1,0,0.0,1.00,1.00,1.00,4.00,5.00,5.00,23.2,2.000,0.424,5.00
95000,1562,5,40.8,0.0,10.4,0.0,10.0,0.0,1.00,1.2,4,1198,36.84,22.25,3,1,1,0.0,1.00,1.00,1.00,3.60,4.20,4.80,24.6,2.000,0.129,4.80
95000,1458,5,39.2,0.0,14.2,0.0,5.4,0.0,1.00,0.0,2,726,49.66,14.62,5,0,0,0.0,1.00,1.00,1.00,3.00,4.40,4.40,15.2,2.000,0.080,4.40
95000,1589,5,67.6,0.0,17.8,0.0,16.0,0.0,1.00,0.0,4,409,10.03,25.34,4,1,0,0.0,1.00,1.00,1.00,4.80,5.80,5.80,16.6,2.000,0.195,5.80
96000,1516,143,41.9,0.0,11.0,0.0,10.0,0.0,1.00,0.7,56,815,53.53,21.61,111,23,9,0.0,1.00,1.00,1.00,3.60,4.55,4.60,17.3,2.000,0.265,4.75
96000,1534,98,47.7,0.1,12.0,0.0,11.6,0.0,1.01,0.4,34,928,52.22,30.98,78,16,4,0.0,1.00,1.01,1.01,3.80,4.88,4.89,21.8,2.000,0.216,4.99
96000,1505,90,28.7,0.0,8.7,0.0,5.7,0.0,1.00,1.1,31,740,30.97,18.97,72,14,4,0.0,1.00,1.00,1.00,2.21,3.82,3.81,21.8,2.000,0.157,4.10
96000,1066,58,38.0,0.0,9.3,0.0,9.7,0.0,1.00,2.0,38,751,42.77,23.93,47,8,3,0.0,1.00,1.00,1.00,3.28,4.34,4.50,19.3,2.000,0.480,4.90
96000,1515,52,42.5,0.0,7.1,0.0,14.1,0.0,1.01,1.8,32,704,38.61,16.86,40,9,3,0.0,1.01,1.00,1.01,3.65,4.58,4.60,21.6,2.000,0.298,5.04
96000,1646,41,31.6,0.0,8.0,0.0,7.8,0.0,1.01,0.6,24,909,50.12,29.53,35,5,1,0.0,1.01,1.00,1.02,2.98,4.07,4.00,19.6,2.000,0.156,4.20
96000,1477,35,25.9,0.0,7.0,0.0,6.0,0.0,1.00,1.4,20,685,25.85,19.82,30,3,2,0.0,1.00,1.00,1.00,2.49,3.71,3.60,20.1,2.000,0.601,4.00
96000,1750,34,47.6,0.8,12.3,0.0,9.9,0.0,1.29,0.9,21,1006,58.06,28.79,25,8,1,0.0,1.34,1.29,1.26,3.82,4.97,4.76,23.6,2.000,0.157,5.09
96000,1535,32,50.2,0.0,12.9,0.0,12.2,0.0,1.00,0.6,20,1105,55.81,30.85,32,0,0,0.0,1.00,1.00,1.00,4.06,4.97,5.06,13.2,2.000,0.199,5.16
96000,1483,32,44.5,0.0,9.7,0.0,12.6,0.0,1.00,0.9,24,714,47.76,14.96,21,9,2,0.0,1.00,1.00,1.00,3.56,4.81,4.84,24.4,2.000,0.266,5.03
96000,1788,27,40.5,0.0,11.6,0.0,8.6,0.0,1.01,1.0,15,851,48.67,18.18,20,6,1,0.0,1.01,1.00,1.02,3.11,4.44,4.59,25.2,2.000,0.189,4.78
96000,1789,26,19.6,1.5,0.0,0.0,6.8,0.0,1.57,3.4,15,732,24.36,6.40,26,0,0,0.0,1.20,1.93,1.58,2.69,3.85,3.81,17.7,2.000,0.120,4.19
96000,1621,21,43.6,0.0,10.8,0.0,11.0,0.0,1.00,0.9,8,597,37.84,29.94,19,2,0,0.0,1.00,1.00,1.00,3.71,4.67,4.81,12.0,2.000,0.124,4.95
96000,1594,17,43.6,0.0,12.6,0.0,9.2,0.0,1.00,1.1,6,393,19.12,23.14,12,4,1,0.0,1.00,1.00,1.00,3.71,4.71,4.76,24.7,2.000,0.288,5.00
96000,1655,16,40.6,0.0,11.8,0.0,8.5,0.0,1.00,0.6,8,1020,88.14,33.06,16,0,0,0.0,1.00,1.00,1.00,3.50,4.44,4.75,11.4,2.000,0.231,4.75
96000,1795,14,46.1,0.4,14.6,0.0,7.6,0.0,1.00,0.4,8,1048,62.10,33.14,13,1,0,0.0,1.00,1.00,1.00,3.71,4.86,4.93,18.1,2.000,0.197,5.00
96000,1624,13,39.8,0.0,11.0,0.0,8.9,0.0,1.00,1.2,8,665,29.15,41.69,12,1,0,0.0,1.00,1.00,1.00,3.15,4.38,4.38,8.9,2.000,0.088,4.69
96000,1603,12,44.7,0.0,12.4,0.0,9.9,0.0,1.00,0.2,8,1943,56.12,19.90,10,1,1,0.0,1.00,1.00,1.00,3.75,4.92,4.83,21.4,2.000,0.209,4.92
96000,1648,10,25.6,0.7,6.1,0.0,5.3,0.0,1.45,1.6,8,1522,54.28,23.81,7,3,0,0.0,1.60,1.53,1.36,1.80,3.50,3.70,22.5,2.000,0.167,4.00
96000,1446,10,31.8,0.0,5.3,0.0,10.6,0.0,1.00,0.0,4,1120,45.23,21.48,2,6,2,0.0,1.00,1.00,1.00,2.20,4.00,4.00,30.4,2.000,0.074,4.00
96000,1606,9,33.8,0.0,11.1,0.0,5.8,0.0,1.00,2.9,8,758,27.25,29.92,6,2,1,0.0,1.00,1.00,1.00,3.56,4.33,4.22,27.6,2.000,0.141,5.00
96000,1647,8,41.0,0.0,12.0,0.0,8.5,0.0,1.00,2.0,6,1400,120.23,36.14,8,0,0,0.0,1.00,1.00,1.00,3.12,4.38,4.38,22.0,2.000,0.158,4.88
96000,1442,8,33.5,0.0,11.6,0.0,5.1,0.0,1.00,0.8,4,1072,33.15,29.39,6,2,0,0.0,1.00,1.00,1.00,2.88,3.88,4.25,21.3,2.000,0.116,4.25
96000,1626,8,29.2,0.0,9.2,0.0,5.4,0.0,1.00,0.5,3,1011,38.05,4.75,6,2,0,0.0,1.00,1.00,1.00,2.88,3.88,3.88,25.1,2.000,0.374,4.00
96000,1688,8,33.7,0.0,8.0,0.0,8.9,0.0,1.00,3.5,7,784,25.34,27.20,8,0,0,0.0,1.00,1.00,1.00,3.25,4.12,4.12,17.1,2.000,0.233,5.00
96000,1579,8,83.8,0.0,18.0,0.0,23.9,0.0,1.00,0.0,4,498,61.60,7.83,5,2,1,0.0,1.00,1.00,1.00,6.00,6.50,6.50,28.8,2.000,0.475,6.50
96000,1784,7,45.7,0.0,11.9,0.0,11.0,0.0,1.00,0.6,5,1618,189.64,41.39,7,0,0,0.0,1.00,1.00,1.00,3.86,4.86,5.14,13.1,2.000,0.190,5.14
96000,1562,6,30.3,0.0,1.2,0.0,14.0,0.0,1.00,1.3,5,428,16.25,10.93,6,0,0,0.0,1.00,1.00,1.00,3.67,3.67,4.00,20.5,2.000,0.123,4.17
96000,1570,5,29.6,0.4,6.0,0.0,8.0,0.0,1.60,2.0,5,1840,77.46,32.90,4,1,0,0.0,2.00,2.00,1.40,3.00,3.80,3.60,16.0,2.000,0.074,4.20
96000,1752,5,50.0,0.0,0.0,0.0,25.0,0.0,1.00,0.0,1,1216,18.25,1.07,3,1,1,0.0,1.00,1.00,1.00,4.00,5.00,5.00,27.5,2.000,0.440,5.00
96000,1563,5,48.4,0.0,13.4,0.0,10.8,0.0,1.00,0.0,4,814,53.58,33.05,4,0,1,0.0,1.00,1.00,1.00,4.00,5.00,5.00,22.8,2.000,0.589,5.00
97000,1516,270,41.9,0.0,10.7,0.0,10.2,0.0,1.00,1.2,105,681,46.73,19.29,150,49,71,0.0,1.00,1.00,1.00,3.61,4.56,4.60,25.4,2.000,0.253,4.87
97000,1505,187,29.8,0.0,8.3,0.0,6.5,0.0,1.01,1.2,85,603,28.02,15.89,148,31,8,0.0,1.00,1.02,1.00,2.50,3.90,3.97,22.4,2.000,0.212,4.24
97000,1534,135,44.5,0.0,11.0,0.0,11.2,0.0,1.00,1.1,54,793,46.16,25.50,101,32,2,0.0,1.00,1.00,1.00,3.69,4.73,4.71,21.7,2.000,0.210,4.99
97000,1621,47,44.7,0.0,11.0,0.0,11.3,0.0,1.00,1.0,19,515,20.80,22.24,21,9,17,0.0,1.00,1.00,1.00,3.79,4.77,4.72,28.1,2.000,0.144,5.00
97000,1788,44,37.9,0.0,7.8,0.0,11.2,0.0,1.00,1.4,26,671,40.18,14.66,19,12,13,0.0,1.00,1.00,1.00,3.20,4.34,4.39,32.2,2.000,0.229,4.70
97000,1802,42,40.0,0.0,9.5,0.0,10.5,0.0,1.00,1.6,21,659,38.32,15.23,13,16,13,0.0,1.00,1.00,1.00,3.38,4.45,4.60,33.6,2.000,0.288,4.93
97000,1646,37,31.2,0.0,9.0,0.0,6.6,0.0,1.00,0.5,13,930,50.63,27.78,33,2,2,0.0,1.00,1.00,1.00,2.59,3.97,3.95,19.0,2.000,0.174,4.08
97000,1477,36,32.0,0.2,7.1,0.0,8.4,0.0,1.07,0.2,10,654,28.48,18.22,27,9,0,0.1,1.05,1.12,1.06,2.64,4.03,4.03,20.5,2.000,0.644,4.08
97000,1750,35,47.3,0.5,11.7,0.0,10.9,0.0,1.13,1.1,24,957,52.50,23.03,25,9,1,0.0,1.16,1.21,1.09,3.69,4.89,4.86,22.4,2.000,0.180,5.14
97000,1515,33,33.2,0.2,4.4,0.0,11.8,0.0,1.01,2.2,27,585,28.07,8.33,17,12,4,0.0,1.01,1.00,1.01,3.58,4.15,4.09,25.7,2.000,0.452,4.67
97000,1799,29,48.1,0.0,13.0,0.0,11.1,0.0,1.00,0.3,8,864,63.69,27.52,18,6,5,0.0,1.00,1.00,1.00,3.86,4.93,5.03,24.0,2.000,0.457,5.07
97000,1066,29,39.2,0.0,10.1,0.0,9.5,0.0,1.00,1.7,19,990,60.97,55.81,26,1,2,0.0,1.00,1.00,1.00,3.48,4.59,4.34,20.2,2.000,0.553,4.90
97000,1535,25,47.2,0.0,14.4,0.0,9.2,0.0,1.00,0.6,13,1107,74.68,34.65,19,5,1,0.0,1.00,1.00,1.00,3.80,4.92,4.96,18.4,2.000,0.195,5.08
97000,1579,25,72.8,0.0,14.7,0.0,21.7,0.0,1.00,1.1,14,592,71.37,29.99,13,5,7,0.0,1.00,1.00,1.00,4.72,6.00,6.00,28.5,2.000,0.472,6.28
97000,1563,16,43.4,0.0,12.9,0.0,8.8,0.0,1.00,0.1,10,610,34.55,18.23,7,2,7,0.0,1.00,1.00,1.00,3.88,4.75,4.81,28.8,2.000,0.677,4.81
97000,1655,15,37.6,0.0,11.1,0.0,7.7,0.0,1.00,1.9,7,1664,117.33,46.49,14,1,0,0.0,1.00,1.00,1.00,3.20,4.13,4.40,11.8,2.000,0.228,4.73
97000,1801,14,50.3,0.0,9.9,0.0,15.3,0.0,1.00,0.3,8,1327,58.67,57.19,7,5,2,0.0,1.00,1.00,1.00,4.43,5.07,5.21,25.1,2.000,0.094,5.21
97000,1624,11,45.8,0.0,11.6,0.0,11.3,0.0,1.00,0.2,5,724,56.74,49.32,10,0,1,0.0,1.00,1.00,1.00,3.55,4.91,4.82,15.7,2.000,0.123,4.91
97000,1442,10,42.8,0.0,15.3,0.0,6.1,0.0,1.00,0.0,3,1027,64.68,12.47,7,1,2,0.0,1.00,1.00,1.00,3.20,4.60,4.60,26.1,2.000,0.105,4.60
97000,1562,10,29.2,0.0,1.3,0.0,13.3,0.0,1.00,0.4,6,192,9.85,5.96,1,9,0,0.0,1.00,1.00,1.00,2.80,4.00,3.80,34.0,2.000,0.215,4.00
97000,1594,9,43.6,0.0,14.2,0.0,7.6,0.0,1.00,0.7,4,836,29.89,25.46,7,2,0,0.0,1.00,1.00,1.00,3.44,4.67,4.78,23.5,2.000,0.249,4.89
97000,1795,9,45.1,0.2,15.3,0.0,6.8,0.0,1.05,0.9,5,1185,51.38,26.05,7,2,0,0.1,1.00,1.19,1.00,3.67,4.78,4.78,23.4,2.000,0.164,5.00
97000,1483,9,38.7,0.0,12.4,0.0,6.9,0.0,1.00,1.6,6,820,51.07,31.26,9,0,0,0.0,1.00,1.00,1.00,3.33,4.22,4.56,22.6,2.000,0.147,4.78
97000,1789,9,20.0,1.9,0.0,0.0,6.2,0.0,1.81,3.8,8,1000,27.33,4.79,8,1,0,0.0,1.51,2.19,1.82,3.11,4.44,4.33,19.4,2.000,0.104,4.44
97000,1647,5,41.6,0.0,8.6,0.0,12.2,0.0,1.00,1.2,4,1377,130.39,45.95,4,1,0,0.0,1.00,1.00,1.00,3.60,4.20,4.80,22.9,2.000,0.176,4.80
97000,1626,5,31.2,0.0,9.8,0.0,5.8,0.0,1.00,0.0,3,998,50.26,12.47,5,0,0,0.0,1.00,1.00,1.00,2.40,4.00,4.00,21.1,2.000,0.405,4.00
98000,1516,448,37.6,0.0,9.8,0.0,9.0,0.0,1.00,1.5,173,717,52.01,22.38,160,149,139,0.0,1.00,1.00,1.00,3.40,4.36,4.34,29.8,2.000,0.247,4.73
98000,1505,247,30.9,0.0,8.8,0.0,6.6,0.0,1.01,0.8,88,795,36.21,21.82,127,86,34,0.0,1.00,1.02,1.01,2.55,3.96,4.00,27.2,2.000,0.179,4.17
98000,1534,229,44.1,0.0,11.1,0.0,10.9,0.0,1.00,0.7,74,640,44.89,21.03,99,101,29,0.0,1.00,1.01,1.00,3.69,4.71,4.72,27.5,2.000,0.195,4.87
98000,1579,91,72.7,0.0,15.3,0.0,21.1,0.0,1.00,1.1,62,550,59.07,31.04,33,22,36,0.0,1.00,1.00,1.00,4.88,6.05,6.18,33.5,2.000,0.471,6.37
98000,1621,62,42.0,0.0,10.9,0.0,10.1,0.0,1.00,1.7,32,562,24.06,29.52,24,10,28,0.0,1.00,1.00,1.00,3.68,4.85,4.45,31.5,2.000,0.193,5.08
98000,1646,59,40.2,0.0,6.8,0.0,13.2,0.0,1.00,1.8,34,515,34.84,25.43,22,16,21,0.0,1.00,1.00,1.00,3.71,4.46,4.46,31.4,2.000,0.186,4.90
98000,1477,56,28.9,0.0,6.1,0.0,8.4,0.0,1.00,0.6,18,868,41.01,20.49,30,15,11,0.0,1.00,1.00,1.00,2.79,3.84,3.88,26.0,2.000,0.634,4.00
98000,1750,52,41.9,0.2,11.6,0.0,9.0,0.0,1.03,0.7,29,772,36.50,21.50,28,16,8,0.1,1.01,1.06,1.04,3.48,4.58,4.65,26.8,2.000,0.198,4.79
98000,1535,48,47.4,0.0,13.8,0.0,9.9,0.0,1.00,0.2,19,604,36.72,18.84,15,7,26,0.0,1.00,1.00,1.00,3.75,4.88,4.92,35.7,2.000,0.171,4.96
98000,1802,46,41.7,0.0,8.5,0.0,12.4,0.0,1.00,1.9,27,661,47.75,20.55,13,13,20,0.0,1.00,1.00,1.00,3.50,4.63,4.48,34.0,2.000,0.281,5.02
98000,1066,38,40.7,0.2,8.2,0.0,11.7,0.0,1.10,0.9,24,1157,79.29,67.14,24,11,3,0.1,1.11,1.12,1.08,3.42,4.55,4.53,24.3,2.000,0.556,4.76
98000,1801,37,54.8,0.2,5.4,0.0,21.5,0.0,1.02,1.9,22,514,34.35,22.10,9,19,9,0.1,1.00,1.07,1.00,4.68,5.43,5.08,31.3,2.000,0.128,5.73
98000,1483,26,42.5,0.0,12.3,0.0,9.0,0.0,1.00,1.1,17,672,30.68,22.41,15,6,5,0.0,1.00,1.00,1.00,3.50,4.50,4.88,28.1,2.000,0.150,4.96
98000,1563,26,39.7,0.0,12.7,0.0,7.1,0.0,1.00,0.7,16,661,39.70,10.33,8,8,10,0.0,1.00,1.00,1.00,3.50,4.65,4.54,31.9,2.000,0.739,4.77
98000,1799,22,42.9,0.0,11.0,0.0,10.4,0.0,1.00,0.3,10,1000,117.79,41.11,14,7,1,0.0,1.00,1.00,1.00,3.82,5.05,4.95,23.9,2.000,0.480,5.05
98000,1515,16,28.2,0.0,2.0,0.0,12.1,0.0,1.00,0.4,14,328,22.42,19.44,11,4,1,0.0,1.00,1.00,1.00,2.75,4.12,3.94,25.3,1.999,0.546,4.12
98000,1562,14,49.7,1.9,0.0,0.0,21.1,0.0,1.83,2.7,13,338,53.75,16.56,0,13,1,0.0,1.59,2.05,1.84,3.50,4.93,4.86,34.0,2.000,0.059,5.57
98000,1442,12,46.7,0.0,17.3,0.0,6.0,0.0,1.00,0.0,3,1329,105.28,17.73,11,0,1,0.0,1.00,1.00,1.00,3.67,4.83,4.83,23.9,2.000,0.108,4.83
98000,1624,12,32.5,0.0,0.3,0.0,15.9,0.0,1.00,5.0,5,58,8.08,1.24,0,1,11,0.0,1.00,1.00,1.00,2.92,5.33,3.50,44.4,2.000,0.036,5.33
98000,1795,11,47.6,0.5,11.2,0.0,11.7,0.0,1.09,0.7,8,935,46.38,20.08,6,2,3,0.2,1.00,1.19,1.08,3.64,5.00,5.00,27.9,2.000,0.223,5.18
98000,1788,11,30.9,0.3,0.0,0.0,14.9,0.0,1.04,2.7,9,623,33.06,3.56,1,2,8,0.0,1.00,1.16,1.00,3.00,3.82,3.91,36.7,2.000,0.184,4.55
98000,1789,10,17.4,2.0,0.0,0.0,4.7,0.0,2.01,4.8,10,1283,36.03,5.27,9,1,0,0.0,1.47,2.65,2.21,2.90,4.10,3.90,18.4,2.000,0.110,4.40
98000,1626,8,27.8,0.0,8.5,0.0,5.4,0.0,1.00,1.2,4,1389,91.10,27.59,7,1,0,0.0,1.00,1.00,1.00,2.12,3.62,3.75,21.2,2.000,0.401,4.00
98000,1655,8,39.2,0.0,12.5,0.0,7.1,0.0,1.00,0.8,4,1334,77.42,58.94,8,0,0,0.0,1.00,1.00,1.00,3.12,4.38,4.50,10.8,2.000,0.258,4.62
98000,1648,8,47.7,0.0,7.1,0.0,16.8,0.0,1.00,0.0,3,255,33.49,37.02,0,7,1,0.0,1.00,1.00,1.00,4.00,4.88,4.88,36.5,2.000,0.351,4.88
99000,1516,592,40.9,0.0,10.7,0.0,9.7,0.0,1.00,1.0,185,844,60.11,29.02,170,208,214,0.0,1.00,1.00,1.00,3.53,4.50,4.55,32.6,2.000,0.252,4.76
99000,1534,297,45.0,0.1,11.5,0.0,10.8,0.0,1.01,0.6,84,879,61.52,30.64,113,120,64,0.0,1.01,1.01,1.01,3.79,4.75,4.76,29.5,2.000,0.198,4.91
99000,1505,291,30.8,0.1,9.1,0.0,6.1,0.0,1.04,0.6,81,923,45.29,25.31,149,97,45,0.0,1.03,1.04,1.04,2.48,3.97,3.96,27.1,2.000,0.166,4.10
99000,1579,118,71.0,0.0,14.6,0.0,20.9,0.0,1.00,1.3,72,723,62.53,34.85,40,35,43,0.0,1.00,1.00,1.00,4.96,5.96,6.04,33.3,2.000,0.492,6.30
99000,1477,84,29.0,0.0,6.6,0.0,7.8,0.0,1.00,0.8,30,857,45.31,17.95,36,34,14,0.0,1.00,1.00,1.00,2.58,3.87,3.85,27.6,2.000,0.647,4.05
99000,1839,75,42.0,0.0,12.0,0.0,9.0,0.0,1.00,1.0,24,601,30.95,17.87,48,13,14,0.0,1.00,1.00,1.00,3.75,4.59,4.73,25.4,2.000,0.165,4.87
99000,1802,73,41.4,0.0,7.9,0.0,12.8,0.0,1.00,1.8,41,867,75.01,29.77,19,13,41,0.0,1.00,1.00,1.00,3.55,4.64,4.53,36.1,2.000,0.262,5.04
99000,1750,67,39.0,0.1,8.2,0.0,11.2,0.0,1.03,1.5,40,974,61.69,34.31,29,21,17,0.0,1.04,1.06,1.02,3.27,4.39,4.34,28.8,2.000,0.218,4.73
99000,1801,62,52.2,1.3,9.6,0.0,13.8,0.0,1.30,0.9,31,452,28.48,20.38,10,31,21,0.3,1.11,1.59,1.25,3.82,5.03,5.06,32.9,2.000,0.115,5.27
99000,1621,60,42.9,0.0,10.0,0.0,11.4,0.0,1.00,1.4,35,808,52.72,44.76,29,10,21,0.0,1.00,1.00,1.00,3.67,4.62,4.63,30.1,2.000,0.175,4.98
99000,1840,52,32.5,0.0,7.4,0.0,8.8,0.0,1.00,0.3,20,1251,71.08,34.01,40,7,5,0.0,1.00,1.00,1.00,3.21,4.00,4.13,19.8,2.000,0.344,4.13
99000,1535,45,45.3,0.0,13.9,0.0,8.8,0.0,1.00,0.3,20,1058,84.86,31.87,11,16,18,0.0,1.00,1.00,1.00,3.73,4.73,4.82,34.2,2.000,0.165,4.84
99000,1646,42,38.0,0.0,5.0,0.0,14.0,0.0,1.00,2.2,26,870,58.22,35.30,14,16,12,0.0,1.00,1.00,1.00,3.19,4.33,4.33,31.9,2.000,0.189,4.88
99000,1563,30,38.5,0.0,11.2,0.0,8.1,0.0,1.00,0.7,17,1000,61.68,16.67,16,5,9,0.0,1.00,1.00,1.00,3.33,4.47,4.40,26.6,2.000,0.728,4.60
99000,1066,28,39.1,0.0,9.9,0.0,9.6,0.0,1.00,0.4,14,740,46.72,24.36,6,5,17,0.0,1.00,1.00,1.00,3.39,4.46,4.46,44.7,2.000,0.593,4.57
99000,1799,27,38.0,0.0,10.1,0.0,8.9,0.0,1.00,2.6,16,1252,129.13,39.96,13,10,4,0.0,1.00,1.00,1.00,3.48,4.44,4.63,25.3,2.000,0.474,5.19
99000,1483,19,44.6,0.1,13.3,0.0,8.9,0.0,1.00,1.6,11,965,40.63,36.20,10,4,5,0.0,1.00,1.00,1.00,4.00,4.74,4.79,28.1,2.000,0.147,5.16
99000,1846,12,47.7,0.0,14.6,0.0,9.2,0.0,1.00,0.7,5,1088,50.17,29.96,12,0,0,0.0,1.00,1.00,1.00,3.92,4.83,5.00,16.9,2.000,0.249,5.08
99000,1847,11,60.7,0.0,16.6,0.0,13.7,0.0,1.00,0.0,7,1020,79.77,36.95,11,0,0,0.0,1.00,1.00,1.00,4.36,5.55,5.55,19.1,2.000,0.396,5.55
99000,1648,11,46.0,0.0,9.3,0.0,13.7,0.0,1.00,0.2,4,918,114.19,73.59,0,9,2,0.0,1.00,1.00,1.00,3.82,4.82,4.73,37.1,2.000,0.390,4.82
99000,1442,10,41.4,0.0,15.1,0.0,5.6,0.0,1.00,1.4,4,2072,136.12,34.61,7,1,2,0.0,1.00,1.00,1.00,3.40,4.40,4.50,27.3,2.000,0.108,4.80
99000,1655,9,35.8,0.0,12.2,0.0,5.7,0.0,1.00,1.3,6,1052,74.00,30.19,9,0,0,0.0,1.00,1.00,1.00,3.33,3.89,4.56,10.9,2.000,0.331,4.56
99000,1626,8,26.8,0.0,7.1,0.0,6.2,0.0,1.00,1.0,5,1009,79.55,27.67,8,0,0,0.0,1.00,1.00,1.00,2.00,3.88,3.62,20.5,2.000,0.494,4.00
99000,1789,7,12.6,1.3,0.0,0.0,3.7,0.0,1.73,6.0,4,1104,25.92,2.57,7,0,0,0.0,1.00,2.43,1.88,3.29,4.14,3.43,16.9,2.000,0.131,4.14
99000,1562,7,20.6,0.0,0.0,0.0,10.3,0.0,1.00,2.9,4,478,27.00,17.48,0,5,2,0.0,1.00,1.00,1.00,2.43,3.43,3.14,36.8,2.000,0.016,4.00
99000,1848,5,58.0,0.0,17.8,0.0,11.2,0.0,1.00,3.2,3,1673,204.83,74.16,4,1,0,0.0,1.00,1.00,1.00,4.60,5.00,5.00,15.9,2.000,0.119,5.80
99000,1850,5,12.4,0.0,1.8,0.0,4.4,0.0,1.00,5.6,3,498,19.24,10.02,4,1,0,0.0,1.00,1.00,1.00,2.60,2.20,3.00,24.2,2.000,0.109,4.00
100000,1516,733,41.9,0.0,11.3,0.0,9.7,0.0,1.00,0.9,205,881,60.14,31.43,215,224,294,0.0,1.00,1.00,1.00,3.52,4.59,4.57,33.2,2.000,0.242,4.80
100000,1534,429,46.3,0.1,11.4,0.0,11.6,0.0,1.01,0.5,122,898,58.81,32.30,132,171,126,0.0,1.00,1.01,1.00,3.80,4.81,4.84,31.7,2.000,0.211,4.94
100000,1505,367,31.3,0.2,8.9,0.0,6.5,0.0,1.06,0.8,118,952,44.00,25.49,175,129,63,0.0,1.06,1.08,1.06,2.51,3.97,4.01,28.0,2.000,0.180,4.19
100000,1839,124,40.5,0.0,11.5,0.0,8.8,0.0,1.00,0.7,41,872,43.61,20.58,79,21,24,0.0,1.00,1.00,1.00,3.54,4.46,4.59,25.8,2.000,0.171,4.70
100000,1579,120,72.6,0.0,16.2,0.0,20.1,0.0,1.00,0.9,70,925,75.17,38.32,35,38,47,0.0,1.00,1.00,1.00,4.87,5.99,6.13,34.3,2.000,0.473,6.28
100000,1750,83,35.6,0.1,9.1,0.0,8.4,0.0,1.03,1.0,38,991,61.20,41.04,19,26,38,0.1,1.00,1.10,1.00,3.01,4.29,4.18,34.3,2.000,0.229,4.48
100000,1477,73,30.3,0.0,6.2,0.0,8.9,0.0,1.00,0.6,24,851,38.35,21.55,19,41,13,0.0,1.00,1.00,1.00,3.03,3.89,3.95,31.4,2.000,0.656,4.07
100000,1801,61,44.8,0.5,9.3,0.0,12.1,0.0,1.09,0.9,29,960,58.01,35.18,22,30,9,0.1,1.00,1.26,1.06,3.62,4.82,4.67,28.1,2.000,0.138,4.97
100000,1802,59,45.8,0.0,8.6,0.0,14.3,0.0,1.00,2.4,36,1066,80.79,45.26,24,16,19,0.0,1.00,1.00,1.00,3.73,4.66,4.73,30.9,2.000,0.280,5.31
100000,1840,54,35.0,0.0,6.3,0.0,11.2,0.0,1.00,0.7,23,912,47.63,23.32,34,14,6,0.0,1.00,1.00,1.00,3.20,4.11,4.13,23.7,2.000,0.355,4.30
100000,1621,36,45.6,0.0,10.9,0.0,11.9,0.0,1.00,1.7,19,1261,90.16,43.87,16,6,14,0.0,1.00,1.00,1.00,3.81,4.81,4.81,29.3,2.000,0.150,5.22
100000,1535,32,42.0,0.0,11.8,0.0,9.2,0.0,1.00,0.1,15,1425,128.92,57.41,6,17,9,0.0,1.00,1.00,1.00,3.34,4.56,4.56,32.8,2.000,0.170,4.59
100000,1646,31,36.4,0.0,6.8,0.0,11.4,0.0,1.00,0.8,16,1101,76.99,61.67,11,9,11,0.0,1.00,1.00,1.00,2.94,4.29,4.32,32.7,2.000,0.217,4.52
100000,1847,26,54.2,0.0,12.8,0.0,14.3,0.0,1.00,0.0,13,475,35.51,24.36,2,14,10,0.0,1.00,1.00,1.00,4.54,5.15,5.15,36.2,2.000,0.409,5.15
100000,1563,24,39.5,0.0,12.1,0.0,7.6,0.0,1.00,0.2,12,1554,86.17,19.28,12,9,3,0.0,1.00,1.00,1.00,3.33,4.46,4.58,23.7,2.000,0.728,4.58
100000,1483,16,56.0,0.0,15.9,0.0,12.1,0.0,1.00,0.5,11,984,62.24,47.98,11,2,3,0.0,1.00,1.00,1.00,4.19,5.44,5.19,23.5,2.000,0.137,5.44
100000,1648,14,44.4,0.0,8.2,0.0,14.0,0.0,1.00,0.6,5,1180,129.17,72.23,0,8,6,0.0,1.00,1.00,1.00,3.57,4.71,4.71,38.1,2.000,0.396,4.86
100000,1846,13,47.2,0.0,14.7,0.0,8.9,0.0,1.00,0.9,5,1467,63.39,42.07,12,0,1,0.0,1.00,1.00,1.00,4.00,4.85,4.85,17.2,2.000,0.250,5.08
100000,1799,10,33.4,0.0,8.1,0.0,8.6,0.0,1.00,4.4,8,1644,179.13,35.70,8,0,2,0.0,1.00,1.00,1.00,3.10,4.10,4.20,21.4,2.000,0.512,5.20
100000,1851,10,49.0,0.0,16.3,0.0,8.2,0.0,1.00,0.0,6,1009,42.35,14.30,2,4,4,0.0,1.00,1.00,1.00,4.00,5.00,5.00,32.7,2.000,0.145,5.00
100000,1626,8,30.5,0.0,7.4,0.0,7.9,0.0,1.00,0.0,5,1165,84.28,36.71,6,2,0,0.0,1.00,1.00,1.00,2.12,4.12,4.12,22.6,2.000,0.544,4.12
100000,1862,7,23.1,0.0,0.0,0.0,11.6,0.0,1.00,2.0,5,1093,101.42,49.87,5,2,0,0.0,1.00,1.00,1.00,2.71,3.57,3.43,16.1,2.000,0.126,4.00
100000,1848,6,64.0,0.0,18.5,0.0,13.5,0.0,1.00,1.0,3,1306,116.31,21.47,6,0,0,0.0,1.00,1.00,1.00,5.00,5.67,5.50,12.8,2.000,0.132,5.83
100000,1066,5,36.4,0.0,13.0,0.0,5.2,0.0,1.00,2.0,4,1281,65.01,26.47,0,2,3,0.0,1.00,1.00,1.00,3.40,4.60,4.40,40.2,2.000,0.762,5.00
100000,1655,5,38.4,0.0,11.8,0.0,7.4,0.0,1.00,2.0,3,1175,58.65,26.35,5,0,0,0.0,1.00,1.00,1.00,3.40,4.20,4.80,12.8,2.000,0.262,5.00
